2.0000948337648008E-6 9.756560164706345E-7 3.414796057647221E-7 4.878280082353173E-7 1.2195700205882932E-6 2.9269680494119037E-7 3.073316451882499E-6 3.414796057647221E-7 9.512646160588687E-6 7.317420123529759E-7 2.341574439529523E-6 6.341764107059125E-7 3.219664854353094E-6 6.341764107059125E-7 0.9999741938983644 
3.1069907436242743E-6 0.9930152680415366 8.309393849227711E-6 3.82954673051364E-6 3.901802329202577E-6 2.7457127501795914E-6 5.8310268141971845E-5 1.4451119737787323E-6 1.4660660973985238E-4 5.390267662194671E-5 0.006430314749723225 2.962479546246401E-6 2.3844347567349082E-5 2.1676679606680983E-6 2.4328460078564958E-4 
8.366312214298086E-5 0.10936252701695195 8.295710423460127E-4 2.889966638300436E-4 3.192377642389692E-4 1.1814033000218395E-4 0.0037781371670419545 2.6240332261441257E-5 0.0022205439915051924 0.002334212874754306 0.8767897553977423 1.6709090498316854E-4 1.585010204312169E-4 9.178232808934609E-5 0.0034316000436789744 
7.289672218631849E-6 1.2568400376951464E-6 2.0109440603122344E-6 3.51915210554641E-6 7.03830421109282E-6 2.513680075390293E-6 2.2623120678512636E-6 3.0164160904683514E-6 2.186901665589555E-5 3.51915210554641E-6 1.759576052773205E-6 2.765048082929322E-6 0.9999255950697684 3.0164160904683514E-6 1.2568400376951464E-5 
3.135938117487815E-4 8.410500699452864E-4 0.0021124916468315026 5.594556267422989E-4 0.9780793659005129 0.00586015102635308 9.706475125557522E-5 2.3732865004797237E-4 0.0028244775969754198 5.770552794424857E-4 8.079840557812993E-4 5.98921514615445E-4 0.0013439734789233492 0.004701240562186239 0.0010458460286383682 
1.014274219177897E-5 1.4199839068490556E-5 2.9752043762551643E-5 5.409462502282117E-6 0.9997673931124018 2.0961667196343202E-5 6.7618281278526465E-6 1.622838750684635E-5 7.438010940637911E-6 2.9752043762551643E-5 8.114193753423176E-6 7.438010940637911E-6 2.5018764073054793E-5 4.665661408218326E-5 4.733279689496852E-6 
6.890355156466185E-6 0.03218278182930661 0.9345423150490869 4.82324860952633E-6 4.926603936873322E-4 4.547634403267682E-5 0.0011024568250345896 1.378071031293237E-5 7.5793906721128035E-6 0.0023103360839631117 0.02912622028189821 7.510487120548142E-5 6.2013196408195665E-6 7.579390672112803E-5 7.5793906721128035E-6 
9.462994607657206E-5 6.256525360434516E-6 6.256525360434516E-6 1.0166853710706088E-5 0.001474975853722437 0.9955680338478022 4.692394020325887E-6 4.692394020325887E-6 3.386344351335182E-4 1.6423379071140605E-5 1.1730985050814717E-5 1.6423379071140605E-5 0.0011285207618883758 0.0011371234842589733 1.8143923545260095E-4 
1.1661354271942781E-5 6.41374484956853E-5 1.6908963694317033E-4 1.7492031407914174E-5 6.802456658633289E-5 0.9899566586332893 1.370209126953277E-4 0.002345875767705823 6.802456658633289E-6 2.3419886496151753E-4 1.4673870792194667E-4 4.761719661043303E-4 1.263313379460468E-5 0.006345720282982197 7.774236181295187E-6 
0.0020473902289519334 2.152762277259919E-5 9.064262220041763E-6 3.0818491548142E-4 0.8340174962921503 1.5862458885073086E-5 2.0394589995093967E-5 7.931229442536543E-6 0.004935490778812741 3.625704888016705E-5 2.152762277259919E-5 9.064262220041763E-6 0.1535757947941676 7.534667970409716E-4 0.004220547096206946 
1.445278472314377E-5 7.883337121714783E-6 7.883337121714783E-6 1.1825005682572175E-5 3.0219458966573338E-5 6.569447601428986E-6 7.883337121714783E-6 1.1825005682572175E-5 2.1022232324572757E-5 1.839445328400116E-5 7.883337121714783E-6 9.19722664200058E-6 1.839445328400116E-5 0.9998121137985991 1.445278472314377E-5 
5.1358047361301E-4 6.455620478375824E-5 3.4573434117523855E-4 2.2953317256447372E-5 0.16708006547433749 0.6493880789077664 3.729914054172698E-5 1.2911240956751646E-5 0.004384083595981448 1.8075737339452304E-4 2.854818833770642E-4 0.03864908251287179 0.012327365949040766 0.12418461926902293 0.002523430315880683 
1.8892535969745658E-4 0.3943397962234642 0.022462403853420205 1.3142633718083935E-4 4.3206408348200935E-4 3.449941350997033E-5 5.864900296694957E-4 1.7742555519413312E-4 4.4192105877057235E-4 0.10153998810591648 0.4748975695984597 4.435638879853328E-5 3.712794025358712E-4 1.1006955738895297E-4 0.00424178503251159 
1.1048258794414001E-5 1.1048258794414001E-5 1.6572388191621002E-5 1.1048258794414001E-5 1.4731011725885333E-5 1.2889635260149666E-5 1.3257910553296802E-4 1.4731011725885333E-5 9.206882328678334E-6 1.8413764657356668E-5 1.6572388191621002E-5 0.9996943315066878 1.6572388191621002E-5 1.1048258794414001E-5 9.206882328678334E-6 
1.0364744791715742E-4 0.0034184812822131557 0.0019617635142138343 1.2060793939451045E-4 1.9221890341000105E-4 3.392098295470607E-5 3.67477315342649E-4 4.522797727294142E-5 7.575686193217688E-4 0.98669355218649 0.00401775198107963 3.8820680492608053E-4 6.784196590941214E-5 3.0340434753931537E-4 0.001528328732014812 
4.0447386617308013E-5 1.3482462205769339E-5 0.987249442885401 1.733459426456058E-5 0.011290599064317123 4.564776489667619E-4 1.540852823516496E-5 4.429951867609925E-5 1.9838480102774884E-4 4.237345264670364E-5 2.8890990440934298E-5 3.2743122499725534E-5 2.4653645176263934E-4 3.004663005857167E-4 2.3112792352747438E-5 
1.1645149019090282E-5 0.2906900915308713 1.9408581698483803E-5 1.3586007188938662E-5 2.5231156208028943E-5 2.3290298038180563E-5 0.7061249602124076 2.3290298038180563E-5 1.3586007188938662E-5 2.037901078340799E-4 0.002777368041053032 3.1053730717574084E-5 1.3586007188938662E-5 1.3586007188938662E-5 1.5526865358787042E-5 
3.751359867952133E-5 0.01600788619207796 0.032007436028893804 4.48079095338727E-4 0.9357808872382906 5.481153584841171E-4 0.002184125078674353 0.0014776189702100345 2.334179473392438E-4 7.711128617457162E-5 0.00819672131147541 0.0016505983418989383 3.209496775914602E-4 9.732694768520256E-4 5.627039801928199E-5 
1.0455023534257975E-5 1.0455023534257975E-5 1.2546028241109571E-5 0.9998515386658136 1.0455023534257975E-5 1.0455023534257975E-5 1.0455023534257975E-5 1.0455023534257975E-5 1.0455023534257975E-5 1.0455023534257975E-5 1.0455023534257975E-5 1.0455023534257975E-5 1.0455023534257975E-5 1.0455023534257975E-5 1.0455023534257975E-5 
1.687290275091588E-5 5.6946046784341104E-5 2.9527579814102794E-5 1.4763789907051397E-5 6.960072384752802E-5 4.429136972115419E-5 2.741846697023831E-5 1.4763789907051397E-5 1.4763789907051397E-5 8.647362659844389E-5 3.163669265796728E-5 3.163669265796728E-5 0.9994537397734391 8.858273944230838E-5 1.898201559478037E-5 
1.2722808178221097E-5 3.392748847525626E-5 2.5445616356442194E-5 1.696374423762813E-5 1.2510761375250746E-4 2.3325148326738676E-5 1.696374423762813E-5 0.9995483403096731 1.2722808178221097E-5 5.089123271288439E-5 1.9084212267331644E-5 1.4843276207924613E-5 1.9084212267331644E-5 6.5734508920809E-5 1.4843276207924613E-5 
0.9993470173298163 2.3627662407959514E-5 1.6968957547534562E-4 1.5035785168701509E-5 2.1479693098145014E-5 2.7923601027588518E-5 4.940329412573353E-5 1.2887815858887009E-5 2.1479693098145014E-5 5.1551263435548036E-5 3.866344757666102E-5 3.221953964721752E-5 1.0739846549072507E-5 1.6324566754590211E-4 1.5035785168701509E-5 
3.8330071519404034E-5 0.09355468573850774 4.509420178753416E-5 2.9311231161897205E-5 6.0877172413171115E-5 2.254710089376708E-5 3.156594125127391E-5 2.4801810983143787E-5 0.10243373407047322 1.6459383652449967E-4 1.3077318518384907E-4 2.254710089376708E-5 1.5782970625636956E-4 2.9311231161897205E-5 0.8032539976009885 
1.5879497300485458E-5 1.8147996914840525E-5 2.7221995372260786E-5 2.2684996143550654E-5 0.9996687990563041 3.1758994600970915E-5 2.041649652919559E-5 3.1758994600970915E-5 1.3610997686130393E-5 4.310149267274625E-5 2.2684996143550654E-5 2.7221995372260786E-5 1.5879497300485458E-5 2.2684996143550654E-5 1.8147996914840525E-5 
3.865727370714159E-5 1.5235513755167568E-4 0.0021739031567074916 1.8191658215125453E-5 0.9903083940858919 4.4342166899368293E-4 5.9122889199157727E-5 2.3194364224284953E-4 9.095829107562727E-5 0.001243854630459203 1.7736866759747317E-4 6.594476102982978E-5 4.0703835256343204E-4 0.004481969792751533 1.0687599201386204E-4 
1.2435954832612049E-5 0.9997985375317117 1.4923145799134458E-5 1.9897527732179275E-5 1.2435954832612049E-5 1.4923145799134458E-5 2.2384718698701685E-5 1.2435954832612049E-5 1.4923145799134458E-5 1.4923145799134458E-5 1.2435954832612049E-5 1.2435954832612049E-5 1.2435954832612049E-5 1.2435954832612049E-5 1.2435954832612049E-5 
3.020562479076312E-5 2.265421859307234E-5 2.013708319384208E-5 1.510281239538156E-5 0.8480455702192676 4.279130178691442E-5 1.761994779461182E-5 1.510281239538156E-5 2.768848939153286E-5 4.027416638768416E-5 1.761994779461182E-5 0.008374509473239075 0.14324514129939564 6.796265577921702E-5 1.761994779461182E-5 
1.682337327326766E-4 8.011130130127457E-5 9.880393827157198E-4 1.0147431498161445E-4 0.035401184045033236 2.990821915247584E-4 4.539640407072226E-5 5.8748287620934686E-5 1.8158561628288904E-4 1.9493749983310146E-4 6.942979446110463E-5 6.702645542206639E-4 0.009356999991988869 0.9522696866847006 1.1482619853182688E-4 
7.175837584188432E-4 3.762611467364721E-5 2.150063695636983E-5 1.6125477717277373E-5 0.9955036792964992 3.493853505410098E-5 2.150063695636983E-5 4.568885353228589E-5 1.5856719755322752E-4 8.062738858638688E-5 1.8813057336823604E-5 2.150063695636983E-5 0.0032331582823141134 2.150063695636983E-5 6.718949048865572E-5 
1.5704100483400767E-4 0.06175708897372276 0.07764678337192735 4.568465595171132E-5 0.7885485699275042 0.0049853380807304976 0.00876574336073461 1.3705396785513395E-4 5.9961110936621106E-5 0.01877353830515637 0.0153186361988082 0.0013048679856207546 0.005299420090398513 0.017003257887027556 1.9701507879175506E-4 
0.007001705691699833 6.926666801351855E-5 4.040555634121915E-5 3.174722283952933E-5 0.9677794549290449 5.483611217736885E-5 4.906388984290897E-5 2.0202778170609575E-5 0.002245394488104893 4.1560000808111127E-4 8.946944618412812E-5 2.8861111672299392E-5 0.02189692542577355 1.1255833552196763E-4 1.6450833653210655E-4 
0.013910742799864798 1.74831287807266E-5 2.0396983577514366E-5 9.907106309078406E-5 2.0396983577514366E-5 1.74831287807266E-5 1.4569273983938832E-5 1.4569273983938832E-5 0.9237298506940802 1.4569273983938832E-5 1.74831287807266E-5 2.3310838374302133E-5 0.011658333041947853 2.0396983577514366E-5 0.05042134340361551 
1.1892374015162777E-4 0.012718233321771303 6.276530730224799E-5 2.543646664354261E-4 6.937218175511619E-5 7.59790562079844E-5 0.9563384701782205 8.919280511372083E-5 0.0039046628016451116 1.5526154964240292E-4 0.01037279289100309 1.1562030292519366E-4 1.2553061460449598E-4 3.633780949077515E-5 0.015562492773731068 
0.002791967064700946 7.202944616624925E-4 0.037594084333925866 7.269026677327906E-5 5.914344432916796E-4 7.929847284357716E-5 2.345913154955824E-4 9.119324377011372E-4 4.6257442492086674E-5 0.003647729750804549 0.00881534689777766 1.0242719408962049E-4 7.269026677327906E-5 0.9442862146213168 3.3041030351490484E-5 
5.230365807543742E-4 2.1204185706258414E-5 2.4738216657301484E-5 2.4738216657301484E-5 3.180627855938762E-5 2.1204185706258414E-5 1.7670154755215345E-5 2.1204185706258414E-5 0.9173072097765432 2.1204185706258414E-5 2.4738216657301484E-5 2.1204185706258414E-5 0.01772316521948099 1.7670154755215345E-5 0.06419920625664839 
1.985679281025246E-5 1.985679281025246E-5 1.985679281025246E-5 0.9997180335420944 1.985679281025246E-5 1.985679281025246E-5 1.985679281025246E-5 1.985679281025246E-5 1.985679281025246E-5 1.985679281025246E-5 1.985679281025246E-5 1.985679281025246E-5 1.985679281025246E-5 1.985679281025246E-5 2.382815137230295E-5 
1.4752206322622076E-4 2.169442106267952E-5 2.169442106267952E-5 2.169442106267952E-5 0.9994402839365829 2.169442106267952E-5 2.169442106267952E-5 3.037218948775133E-5 8.243880003818219E-5 3.037218948775133E-5 2.169442106267952E-5 2.169442106267952E-5 4.338884212535904E-5 2.169442106267952E-5 5.206661055043085E-5 
2.7533418686931264E-5 6.883354671732816E-5 7.34224498318167E-5 2.294451557244272E-5 6.883354671732816E-5 1.2848928720567924E-4 1.3766709343465631E-4 3.212232180141981E-5 4.130012803039689E-5 9.177806228977088E-5 1.1931148097670213E-4 0.9989124299618662 2.7533418686931264E-5 1.9273393080851883E-4 5.506683737386253E-5 
0.9995041631583871 2.3388530264758163E-5 2.3388530264758163E-5 6.0810178688371224E-5 3.2743942370661426E-5 3.2743942370661426E-5 2.3388530264758163E-5 2.8066236317709794E-5 6.0810178688371224E-5 3.742164842361306E-5 2.3388530264758163E-5 2.3388530264758163E-5 5.145476658246796E-5 2.8066236317709794E-5 4.6777060529516325E-5 
2.8877391408976056E-5 0.0010780892792684395 0.9314354469979546 0.06712068343159668 2.406449284081338E-5 3.3690289977138734E-5 3.850318854530141E-5 3.850318854530141E-5 2.406449284081338E-5 2.8877391408976056E-5 2.8877391408976056E-5 3.3690289977138734E-5 2.406449284081338E-5 3.850318854530141E-5 2.406449284081338E-5 
1.5926593815343988E-4 0.07662232908452911 3.0311904358235335E-4 6.678894180628125E-5 0.010465313419953453 0.00395596039929512 7.80916858042673E-4 4.675225926439687E-4 0.002096145250535596 0.07036471899837138 0.8304331519756682 2.2091726905154566E-4 0.0011919257306967114 6.267885307974086E-4 0.002245135966872685 
0.0012332428611234378 0.023926975510583183 1.2900029928069432E-4 1.4964034716560544E-4 5.160011971227773E-5 6.708015562596105E-5 0.001455123375886232 1.0320023942455546E-4 0.7835736178907935 2.7864064644629973E-4 0.11177101930876479 4.644010774104996E-5 8.256019153964437E-5 8.256019153964437E-5 0.07704929875437311 
1.9551581828654164E-4 0.0018072002663242497 9.511580349074999E-4 1.5852633915124998E-4 0.032846657472138996 0.004063558493577041 0.004586695412776166 5.125684965890416E-4 0.004586695412776166 0.001786063421104083 0.0018124844776292914 4.174526930982916E-4 0.003751790026579583 0.93786824347532 0.004655390159741707 
8.702273468943762E-5 3.263352550853911E-5 3.807244642662896E-5 3.807244642662896E-5 1.5228978570651583E-4 9.246165560752747E-4 3.263352550853911E-5 3.807244642662896E-5 9.246165560752746E-5 3.263352550853911E-5 3.263352550853911E-5 3.807244642662896E-5 7.070597193516806E-5 0.9982867399108017 1.0333949744370716E-4 
0.9995491037061476 2.7493676454415485E-5 2.7493676454415485E-5 2.7493676454415485E-5 3.299241174529858E-5 2.7493676454415485E-5 2.7493676454415485E-5 2.7493676454415485E-5 4.398988232706477E-5 2.7493676454415485E-5 2.7493676454415485E-5 2.7493676454415485E-5 4.948861761794787E-5 3.299241174529858E-5 4.398988232706477E-5 
3.0275007155910783E-4 5.504546755620142E-5 6.605456106744171E-5 6.0550014311821566E-5 0.0012220093797476715 7.7614109254244E-4 3.3027280533720854E-5 3.4678644560406897E-4 2.5320915075852655E-4 3.357773520928287E-4 0.993724816698593 6.605456106744171E-5 0.0022953959970935995 1.816500429354647E-4 2.8073188453662726E-4 
6.018624298523766E-4 3.343680165846536E-5 5.5728002764108935E-5 7.244640359334161E-5 0.041835011675016576 0.32890667231377096 4.458240221128715E-5 4.458240221128715E-5 0.0039511153959753235 1.0588320525180698E-4 6.130080304051984E-5 0.00504895705042827 0.004937501044900052 0.6117541503430058 0.0025467697263197786 
0.033130508702071494 6.151850029081473E-5 8.388886403292917E-5 5.592590935528612E-4 0.03141358328486421 0.03771084067826943 5.592590935528612E-5 4.474072748422889E-5 0.2986443559572279 0.2483949264015033 4.4181468390676033E-4 9.339626862332782E-4 0.020245179186613574 0.010760144959957049 0.3175193503646369 
8.659845843273995E-4 3.440998348320793E-5 2.8674986236006606E-5 5.734997247201321E-5 4.587997797761057E-5 3.440998348320793E-5 3.440998348320793E-5 4.587997797761057E-5 0.9977920260598275 2.8674986236006606E-5 3.440998348320793E-5 4.014498073040925E-5 1.548449256744357E-4 3.440998348320793E-5 7.684896311249771E-4 
0.0016077072880708119 3.033409977492098E-5 3.033409977492098E-5 0.9843051367764559 5.4601379594857766E-5 3.033409977492098E-5 3.033409977492098E-5 3.033409977492098E-5 0.011041612318071237 3.6400919729905175E-5 4.2467739684889374E-5 3.033409977492098E-5 0.0018321796264052271 4.8534559639873566E-5 8.493547936977875E-4 
3.722453841572365E-5 0.014039855072463768 0.9598037026007544 3.722453841572365E-5 3.722453841572365E-5 4.9632717887631524E-5 2.3575540996624976E-4 4.9632717887631524E-5 6.204089735953941E-5 0.005298292634504665 0.020188108000794125 3.722453841572365E-5 3.102044867976971E-5 6.204089735953941E-5 3.102044867976971E-5 
5.098756540748625E-5 1.657095875743303E-4 4.333943059636331E-4 8.285479378716515E-5 0.024410296938834043 4.65261534343312E-4 1.7845647892620188E-4 8.922823946310094E-5 2.1669715298181655E-4 1.4021580487058718E-4 1.5296269622245876E-4 0.9410520009432699 0.0036519843723112027 0.028750613444146308 1.5933614189839453E-4 
1.857121064395673E-4 0.008390207665930452 0.002148954374514993 1.5254923028964456E-4 1.1938635413972183E-4 1.3928407982967547E-4 0.00445045797931963 3.7805678810911913E-4 0.9687274077906228 9.683559835777437E-4 0.013822286779287794 1.1275377890973728E-4 7.959090275981455E-5 5.9693177069860916E-5 2.6530300919938186E-4 
4.656081840615667E-5 2.5941027397715857E-4 6.65154548659381E-5 3.990927291956286E-5 2.3280409203078336E-4 6.65154548659381E-5 1.6628863716484525E-4 8.647009132571953E-5 9.977318229890715E-5 7.316700035253191E-5 9.977318229890715E-5 7.316700035253191E-5 0.9984102806287041 7.981854583912572E-5 1.995463645978143E-4 
4.819476191787613E-5 5.5079727906144145E-5 5.5079727906144145E-5 4.819476191787613E-5 4.819476191787613E-5 0.9992151138773374 6.884965988268017E-5 1.6523918371843244E-4 4.130979592960811E-5 4.130979592960811E-5 4.819476191787613E-5 3.442482994134009E-5 3.442482994134009E-5 3.442482994134009E-5 6.196469389441216E-5 
3.0651127473859465E-4 0.046150845344163395 9.752631468955285E-5 1.1145864535948897E-4 9.752631468955285E-5 4.876315734477642E-5 0.003127808235400659 5.5729322679744484E-5 0.0022431052378597154 0.8465771746626635 0.09625847259858865 1.3235714136439314E-4 3.9707142409317945E-4 1.1842481069445702E-4 0.004277225515670389 
7.736399760874916E-5 2.1099272075113408E-4 1.3362872314238492E-4 9.14301789921581E-5 1.1956254175897598E-4 4.852832577276084E-4 5.485810739529486E-4 5.6264725533635756E-5 1.1252945106727151E-4 4.923163484193128E-4 1.617610859092028E-4 1.828603579843162E-4 9.846326968386257E-5 0.9971375320884763 9.14301789921581E-5 
6.763514437225232E-4 7.195228124707694E-5 1.223188781200308E-4 1.5829501874356925E-4 0.0015829501874356927 0.9759175714666033 4.317136874824616E-5 0.0011800174124520619 0.010598571027694433 2.806138968636001E-4 1.151236499953231E-4 9.353796562120002E-5 0.006806685805973479 1.0792842187061541E-4 0.0022449111749088006 
0.004181538507489434 1.0453846268723585E-4 9.707142963814757E-5 0.003180956078911605 0.01099147264825794 1.7174176012903032E-4 5.97362643927062E-5 4.778901151416496E-4 0.9784949448186258 2.688131897671779E-4 1.6427472707994205E-4 8.213736353997102E-5 4.480219829452965E-4 2.090769253744717E-4 0.0010677857260196235 
5.2331362185357685E-5 8.223499771984779E-5 0.9552118298782174 9.718681548709284E-5 0.04034000433602715 3.5136771753025873E-4 4.485545330173516E-5 1.9437363097418568E-4 6.728317995260273E-4 7.475908883622526E-5 5.980727106898021E-5 7.475908883622526E-5 0.0023399594805738506 2.242772665086758E-4 1.7942181320694064E-4 
7.820687281998342E-5 5.474481097398839E-5 5.474481097398839E-5 1.1731030922997514E-4 3.910343640999171E-5 5.474481097398839E-5 4.6924123691990054E-5 4.6924123691990054E-5 0.9841631082539534 3.910343640999171E-5 3.910343640999171E-5 3.910343640999171E-5 4.6924123691990054E-5 3.910343640999171E-5 0.01514085057794879 
2.2801610265442193E-4 0.9078264561580073 1.6511510881871933E-4 5.5038369606239776E-5 2.0442822996603345E-4 1.1007673921247955E-4 2.5946659957227326E-4 1.0221411498301673E-4 0.06921468109196126 7.783997987168197E-4 0.0032629890552270725 1.1007673921247955E-4 0.008829727009686754 1.4938986035979368E-4 0.008703925022015347 
1.423859132869788E-4 0.9196468829350483 1.3447558477103555E-4 8.701361367537594E-5 2.37309855478298E-4 2.135788699304682E-4 1.5029624180292207E-4 7.11929566434894E-5 0.06244413330485615 0.0011390873062958305 0.0014159488043538448 7.910328515943267E-5 0.00796570081555487 5.537229961160287E-5 0.006217518213531408 
2.259285258970573E-4 4.0344379624474514E-5 4.0344379624474514E-5 0.9986928421001671 4.0344379624474514E-5 4.841325554936942E-5 4.0344379624474514E-5 4.841325554936942E-5 3.8730604439495534E-4 5.648213147426432E-5 4.841325554936942E-5 4.0344379624474514E-5 9.682651109873884E-5 4.0344379624474514E-5 1.5330864257300317E-4 
4.065635621473061E-5 4.878762745767673E-5 8.131271242946122E-5 6.505016994356898E-5 0.9992112666894343 4.065635621473061E-5 6.505016994356898E-5 5.691889870062286E-5 4.878762745767673E-5 4.878762745767673E-5 1.057065261582996E-4 4.065635621473061E-5 4.065635621473061E-5 4.878762745767673E-5 5.691889870062286E-5 
0.01521671548014464 0.24914508238297037 0.014594957213213999 0.008172848798206718 0.06431925650800922 0.028649966457777704 0.017049266161624426 0.22805438748629678 0.06046599145900486 0.023569546934568125 0.13470883714842025 0.020992522538737176 0.016443869954349852 0.04240227759870412 0.07621447387797176 
2.006185739363036E-4 3.928780406252612E-4 6.854467942823706E-4 0.6707514837415364 9.111426899607122E-4 0.005124132742623088 0.0661874111844855 0.02786090445540416 1.4210482320488172E-4 0.0023739864582462593 0.013274262308785421 8.024742957452144E-4 2.8420964640976345E-4 0.2109253531722812 8.359107247345983E-5 
6.046152295858386E-4 0.022202814819791073 1.5115380739645965E-4 2.0993584360619395E-4 5.710254946088475E-4 8.397433744247759E-5 3.778845184911491E-4 2.6871787981592825E-4 0.23042558194215848 3.274999160256626E-4 6.046152295858386E-4 1.595512411407074E-4 3.4429478351415805E-4 9.237177118672533E-5 0.7435759631856504 
4.310567787989034E-5 6.034794903184647E-5 4.310567787989034E-5 5.1726813455868405E-5 5.1726813455868405E-5 6.034794903184647E-5 6.034794903184647E-5 0.999215476662586 4.310567787989034E-5 7.759022018380261E-5 6.034794903184647E-5 5.1726813455868405E-5 6.034794903184647E-5 6.034794903184647E-5 6.034794903184647E-5 
0.9981435698008957 4.3991236945600435E-5 5.278948433472052E-5 8.798247389120087E-5 5.278948433472052E-5 6.158773172384061E-5 4.3991236945600435E-5 5.278948433472052E-5 3.7832463773216377E-4 1.7596494778240174E-4 1.1437721605856113E-4 5.278948433472052E-5 1.6716670039328165E-4 4.3991236945600435E-5 5.278948433472052E-4 
0.002179183351039198 5.4479583775979954E-5 5.4479583775979954E-5 0.9467098871364623 5.4479583775979954E-5 4.539965314664996E-5 4.539965314664996E-5 6.355951440530994E-5 0.04251223520652302 4.539965314664996E-5 4.539965314664996E-5 4.539965314664996E-5 2.269982657332498E-4 4.539965314664996E-5 0.007872299855629103 
0.005912401421900558 4.5690891977593185E-5 4.5690891977593185E-5 0.9631274501740823 4.5690891977593185E-5 8.224360555966774E-5 5.4829070373111824E-5 6.396724876863046E-5 0.00798676791768329 6.396724876863046E-5 6.396724876863046E-5 6.396724876863046E-5 6.670870228728605E-4 5.4829070373111824E-5 0.0217214500461478 
4.648308945205734E-5 8.366956101370321E-5 7.437294312329174E-5 8.366956101370321E-5 7.437294312329174E-5 6.507632523288028E-5 2.1382221147946378E-4 0.9988100329100273 5.577970734246881E-5 8.366956101370321E-5 1.2085603257534908E-4 7.437294312329174E-5 5.577970734246881E-5 8.366956101370321E-5 7.437294312329174E-5 
8.572813000857282E-4 0.9223135413172313 2.8886652502888667E-4 1.1181930001118193E-4 5.40459950054046E-4 2.050020500205002E-4 1.677289500167729E-4 1.1181930001118193E-4 0.05618919825561892 0.0010156919751015691 0.0024041149502404117 1.025010250102501E-4 0.008684632300868463 1.3977412501397742E-4 0.006867568675686757 
0.02107471510990321 7.628856148381253E-5 4.7680350927382826E-5 0.001687884422829352 4.7680350927382826E-5 6.675249129833596E-5 6.675249129833596E-5 6.675249129833596E-5 0.8435703046774424 8.582463166928908E-5 6.675249129833596E-5 4.7680350927382826E-5 0.010232203309016355 1.2396891241119533E-4 0.12273875935726887 
0.04891798690589235 4.99775101204458E-5 4.99775101204458E-5 2.3989204857813984E-4 5.997301214453496E-5 7.996401619271328E-5 4.99775101204458E-5 6.996851416862412E-5 0.6273776800439802 6.996851416862412E-5 5.997301214453496E-5 5.997301214453496E-5 0.03953221050527263 8.995951821680243E-5 0.28329251836673497 
0.012272827459073878 8.014907728374777E-5 5.0093173302342355E-5 0.9846314144308413 8.014907728374777E-5 9.016771194421625E-5 8.014907728374777E-5 7.01304426232793E-5 2.805217704931172E-4 6.0111807962810827E-5 6.0111807962810827E-5 6.0111807962810827E-5 2.504658665117118E-4 6.0111807962810827E-5 0.0018734846815076042 
1.6993075321806365E-4 0.9261332257105229 2.548961298270955E-4 1.2744806491354774E-4 3.398615064361273E-4 1.0620672076128977E-4 2.0179276944645057E-4 6.372403245677387E-5 0.05524873614002294 6.797230128722546E-4 0.004110200093461914 1.380687369896767E-4 0.006404265261905773 1.9117209737032158E-4 0.005830748969794809 
0.020344441180630352 5.439690155248757E-5 7.61556621734826E-5 5.004514942828856E-4 0.0018712534134055724 0.0023390667667569655 8.703504248398012E-5 9.791442279447762E-5 0.20936279469521415 0.5317188332952555 8.703504248398012E-5 1.3055256372597018E-4 0.008692624868087515 8.377122839083085E-4 0.22379973236724438 
1.264993042538266E-4 2.4149867175730534E-4 0.9640741975919133 1.264993042538266E-4 0.03223432271122509 4.829973435146107E-4 2.0699886150626171E-4 1.4949917775452235E-4 2.8749841875869684E-4 8.16495509274699E-4 2.4149867175730534E-4 1.4949917775452235E-4 3.1049829225939256E-4 3.9099784951182766E-4 1.6099911450487023E-4 
8.312157123518655E-5 0.00643598451563873 0.001389317690645261 2.9686275441138054E-4 0.0016743059348801861 0.001983043199468022 0.002481772626879141 0.9662526420785142 5.937255088227611E-5 0.005248533497993208 0.011090792504809177 0.002303654974232313 1.1874510176455222E-4 4.868549172346641E-4 9.499608141164177E-5 
9.060487816664049E-4 0.06529591553209224 0.0054846152916873045 0.0015946458557328726 0.2716938279956993 0.0012926295951774043 0.005943680007731616 0.6116916534786233 0.008939681312441862 0.0024644526861326214 0.010534327168174734 0.006583954480109209 0.001220145692644092 1.3288715464440605E-4 0.006221534967442647 
0.004991598906018127 8.58505954352012E-5 1.4717244931748778E-4 1.9622993242331702E-4 0.09258373499147626 0.7102051829230901 9.811496621165851E-5 7.358622465874389E-5 0.050541471969780594 0.002219851110538774 1.3490807854103044E-4 0.0024774028968443775 0.0277542710671229 0.08787421661331665 0.020616407275224746 
0.001148445893379765 0.0012719346991195248 0.0026673582039788094 0.008471332073747515 5.433507452549427E-4 7.285839538645821E-4 0.0034823843218612233 0.9659417873769742 0.0010867014905098853 0.0013583768631373566 9.755615653441015E-4 0.005643438422307018 2.4697761147951937E-4 0.0026303115622568814 0.0038034552167845984 
0.005286442711457708 2.3745250949810037E-4 1.3747250549890023E-4 0.001874625074985003 0.001849630073985203 4.6240751849630076E-4 5.248950209958009E-4 7.998400319936012E-4 0.9771795640871825 2.7494501099780045E-4 3.249350129974005E-4 3.749250149970006E-4 0.0013247350529894022 3.749250149970006E-4 0.008973205358928215 
2.0093686814773884E-4 7.535132555540206E-5 1.7581975962927148E-4 1.0046843407386942E-4 2.0093686814773884E-4 0.001745639042033481 8.790987981463574E-5 1.2558554259233678E-4 0.0015321436196265087 3.3908096499930926E-4 1.3814409685157045E-4 0.9891368505657628 5.902520501839828E-4 0.005086214474989639 4.6466650759164604E-4 
0.0012289303131831882 3.104666054357528E-4 2.1991384551699157E-4 4.3982769103398313E-4 0.010801650647452234 6.856137536706208E-4 5.174443423929213E-4 4.3982769103398313E-4 0.9500924931762027 0.016519410630894016 0.0010478247933456658 2.716582797562837E-4 0.0025096050606056687 0.001901607958293986 0.013013725211181972 
1.4349073832507176E-4 0.0012131489694756066 1.174015131750587E-4 7.826767545003914E-5 0.07224106444038612 0.011270545264805636 2.348030263501174E-4 9.131228802504565E-5 1.6957996347508479E-4 1.3044612575006522E-4 0.0012914166449256457 0.004943908165927472 4.696060527002348E-4 0.9072658492042787 3.3915992695016957E-4 
6.622691991840843E-5 0.0013642745503192138 2.649076796736337E-4 9.271768788577181E-5 6.622691991840843E-5 6.622691991840843E-5 4.7683382341254075E-4 9.271768788577181E-5 6.622691991840843E-5 9.271768788577181E-5 1.3245383983681686E-4 0.997006543219688 6.622691991840843E-5 6.622691991840843E-5 7.947230390209013E-5 
6.62576361925712E-5 7.950916343108544E-5 0.9272491154605569 9.276069066959968E-5 6.62576361925712E-5 6.62576361925712E-5 6.62576361925712E-5 1.722698541006851E-4 6.62576361925712E-5 6.62576361925712E-5 7.950916343108544E-5 0.07171726541483905 6.62576361925712E-5 7.950916343108544E-5 6.62576361925712E-5 
1.6377557287330596E-4 1.2283167965497946E-4 1.2283167965497946E-4 1.7742353727941476E-4 7.369900779298767E-4 1.2283167965497946E-4 0.9964515292544117 5.049746830260266E-4 4.913267186199178E-4 4.5038282540159135E-4 1.0918371524887063E-4 8.188778643665298E-5 8.188778643665298E-5 1.364796440610883E-4 2.456633593099589E-4 
0.6408143752987824 8.436208205618515E-5 9.842242906554934E-5 0.02509771941171508 2.2496555214982707E-4 9.842242906554934E-5 8.436208205618515E-5 9.842242906554934E-5 0.15612609319197998 1.1248277607491353E-4 8.436208205618515E-5 1.406034700936419E-4 0.0213998481482523 7.030173504682095E-5 0.15546525688253987 
5.606912316517389E-4 1.1501358597984386E-4 6.038213263941803E-4 1.2939028422732435E-4 0.0027747027617637332 0.006699541383325906 1.2939028422732435E-4 3.162873614445706E-4 0.45461995198182786 0.43375936282473365 7.475883088689852E-4 2.587805684546487E-4 0.027517000445677647 6.900815158790633E-4 0.07107839613554351 
7.565212128548084E-5 9.078254554257701E-5 7.565212128548084E-5 7.565212128548084E-5 7.565212128548084E-5 1.3617381831386552E-4 0.9986533922411185 7.565212128548084E-5 7.565212128548084E-5 9.078254554257701E-5 7.565212128548084E-5 2.5721721237063487E-4 7.565212128548084E-5 9.078254554257701E-5 7.565212128548084E-5 
0.02223886528291505 1.5284443493412405E-4 1.6812887842753644E-4 1.0699110445388683E-4 0.841561458747287 2.2926665240118608E-4 1.5284443493412405E-4 1.2227554794729925E-4 0.10998685537859566 1.8341332192094886E-4 1.2227554794729925E-4 7.642221746706203E-5 0.023415767431907805 0.0012533243664598172 2.2926665240118608E-4 
6.885893100335113E-4 2.907377086808159E-4 2.907377086808159E-4 1.224158773392909E-4 9.946290033817386E-4 9.946290033817386E-4 6.426833560312773E-4 0.9895181405028232 8.722131260424477E-4 2.907377086808159E-4 1.9892580067634773E-4 2.7543572401340455E-4 1.5301984667411364E-4 0.0040397239521966 6.273813713638659E-4 
9.183860895120309E-5 0.0021275944407028713 0.003918447315251331 1.3775791342680464E-4 2.755158268536093E-4 3.367415661544113E-4 0.002142900875528072 0.9806985856854221 7.653217412600258E-5 6.122573930080206E-4 0.0089083450682667 3.367415661544113E-4 7.653217412600258E-5 1.8367721790240617E-4 7.653217412600258E-5 
0.0010597613233193567 3.0717719516503095E-4 2.918183354067794E-4 1.9966517685727011E-4 0.9636916555314934 2.457417561320248E-4 1.3822973782426392E-4 5.529189512970557E-4 0.002826030195518285 0.016249673624230136 4.7612465250579795E-4 1.6894745734076703E-4 0.01171880999554593 5.068423720223011E-4 0.001566603695341658 
2.7667194392781935E-4 1.0759464486081865E-4 1.0759464486081865E-4 1.0759464486081865E-4 4.611199065463656E-4 9.068691495411857E-4 9.222398130927313E-5 9.222398130927313E-5 1.3833597196390968E-4 1.9981862617009176E-4 2.4593061682472834E-4 0.9966491953457631 1.9981862617009176E-4 3.074132710309104E-4 1.0759464486081865E-4 
7.705347511172754E-5 7.705347511172754E-5 1.541069502234551E-4 1.3869625520110957E-4 0.002527353983664663 0.006642009554630914 2.157497303128371E-4 1.541069502234551E-4 2.311604253351826E-4 2.6198181537987364E-4 3.2362459546925567E-4 2.6198181537987364E-4 2.157497303128371E-4 0.9886114963784867 1.0787486515641856E-4 
9.355703860787127E-5 9.355703860787127E-5 1.091498783758498E-4 7.796419883989273E-5 7.796419883989273E-5 1.091498783758498E-4 1.091498783758498E-4 0.9986590157799539 7.796419883989273E-5 7.796419883989273E-5 1.091498783758498E-4 1.2474271814382835E-4 9.355703860787127E-5 1.091498783758498E-4 7.796419883989273E-5 
9.3976130062964E-5 1.2530150675061868E-4 5.16868715346302E-4 9.3976130062964E-5 2.3494032515741003E-4 0.9973999937349247 5.325314036901293E-4 1.40964195094446E-4 9.3976130062964E-5 2.192776368135827E-4 1.2530150675061868E-4 1.40964195094446E-4 7.831344171913667E-5 9.3976130062964E-5 1.0963881840679135E-4 
1.7429608150718574E-4 1.1091568823184547E-4 9.50705899130104E-5 1.1091568823184547E-4 1.7429608150718574E-4 1.4260588486951563E-4 7.922549159417535E-5 9.50705899130104E-5 0.0010457764890431146 0.9968785156311895 7.922549159417535E-5 9.50705899130104E-5 2.535215731013611E-4 2.2183137646369095E-4 4.436627529273819E-4 
0.004251905334937826 1.444043321299639E-4 0.9885920577617329 0.0010268752507019655 8.022462896109105E-5 2.0858403529883674E-4 9.626955475330927E-5 8.022462896109105E-5 0.003578018451664661 2.727637384677096E-4 1.604492579221821E-4 9.626955475330927E-5 2.5671881267549137E-4 9.626955475330927E-5 0.0010589651022864018 
1.6227443853044268E-4 9.73646631182656E-5 1.947293262365312E-4 9.73646631182656E-5 1.947293262365312E-4 1.7850188238348696E-4 1.460469946773984E-4 1.1359210697130988E-4 0.9980364792937817 2.1095677008957549E-4 1.1359210697130988E-4 9.73646631182656E-5 1.1359210697130988E-4 9.73646631182656E-5 1.460469946773984E-4 
1.6360988858166587E-4 0.03399813484727017 0.01730992621194025 1.472488997234993E-4 1.7997087743983246E-4 1.308879108653327E-4 0.005742707089216472 0.933901605013007 8.180494429083294E-5 6.380785654684969E-4 0.007117030153302465 1.7997087743983246E-4 8.180494429083294E-5 2.4541483287249884E-4 8.180494429083294E-5 
0.9979954275868924 8.283357078956959E-5 1.6566714157913918E-4 9.940028494748351E-5 1.9880056989496703E-4 1.1596699910539743E-4 1.1596699910539743E-4 9.940028494748351E-5 9.940028494748351E-5 1.4910042742122528E-4 1.4910042742122528E-4 1.1596699910539743E-4 1.3253371326331134E-4 3.6446771147410624E-4 1.1596699910539743E-4 
8.557101538566857E-5 8.557101538566857E-5 1.0268521846280227E-4 1.0268521846280227E-4 1.0268521846280227E-4 1.0268521846280227E-4 1.3691362461706972E-4 0.9970392428676559 2.7382724923413944E-4 8.557101538566857E-5 1.0268521846280227E-4 1.3691362461706972E-4 1.0268521846280227E-4 2.2248464000273829E-4 0.0013177936369392958 
1.7140898183064793E-4 0.002485430236544395 3.4281796366129587E-4 1.0284538909838876E-4 0.0034281796366129585 1.885498800137127E-4 0.001491258141926637 2.228316763798423E-4 1.0284538909838876E-4 0.9675865615358245 9.427494000685636E-4 0.022266026739801166 2.0569077819677752E-4 3.5995886184436065E-4 1.0284538909838876E-4 
8.736371260833101E-5 1.048364551299972E-4 8.736371260833101E-5 1.223091976516634E-4 0.987646771037182 0.010885518590998042 1.048364551299972E-4 8.736371260833101E-5 1.048364551299972E-4 8.736371260833101E-5 1.397819401733296E-4 2.446183953033268E-4 8.736371260833101E-5 1.223091976516634E-4 8.736371260833101E-5 
0.015899400158994003 1.0840500108405001E-4 9.033750090337501E-5 1.62607501626075E-4 9.033750090337501E-5 9.033750090337501E-5 1.2647250126472502E-4 9.033750090337501E-5 0.8853797788537978 9.033750090337501E-5 9.033750090337501E-5 1.0840500108405001E-4 0.0054925200549252005 1.62607501626075E-4 0.09201777842017779 
0.052471030262448155 9.300076260625337E-5 9.300076260625337E-5 1.4880122017000538E-4 2.046016777337574E-4 9.300076260625337E-5 9.300076260625337E-5 1.3020106764875472E-4 0.943083533284973 9.300076260625337E-5 9.300076260625337E-5 9.300076260625337E-5 0.0023064189126350836 1.1160091512750405E-4 8.928073210200324E-4 
2.252336799429408E-4 0.0016517136529148992 0.06863996396261121 3.003115732572544E-4 0.800949735350426 0.024118773227223243 0.008371185104545967 4.129284132287248E-4 3.566199932429896E-4 0.012106310296933069 0.013682946056533654 0.003040654679229701 0.005199144112016217 0.0605690904313225 3.75389466571568E-4 
0.012661586868342243 1.1372682815876265E-4 1.1372682815876265E-4 1.516357708783502E-4 0.9692937563971341 2.4640812767731906E-4 1.1372682815876265E-4 1.1372682815876265E-4 0.0018954471359793775 3.790894271958755E-4 1.8954471359793775E-4 1.516357708783502E-4 0.01385571856400925 1.1372682815876265E-4 6.065430835134008E-4 
9.634282631315273E-5 9.634282631315273E-5 1.1561139157578326E-4 9.634282631315273E-5 9.634282631315273E-5 1.1561139157578326E-4 9.634282631315273E-5 9.634282631315273E-5 9.634282631315273E-5 9.634282631315273E-5 1.1561139157578326E-4 0.9985548576053027 1.1561139157578326E-4 1.1561139157578326E-4 9.634282631315273E-5 
1.1620925413027058E-4 1.3557746315198235E-4 8.522011969553175E-4 1.549456721736941E-4 0.07247583815924541 0.2878115860626368 1.1620925413027058E-4 4.8420522554279405E-4 1.7431388119540587E-4 4.454688074993705E-4 4.648370165210823E-4 0.010381360035637504 2.9052313532567644E-4 0.6259805155817242 1.1620925413027058E-4 
1.956334611471946E-4 0.21257531888254166 0.0012324908052273262 0.007786211753658346 2.3476015337663353E-4 2.934501917207919E-4 0.020463260035996557 5.477736912121449E-4 0.0045582596447296345 3.130135378355114E-4 0.7457547538931059 3.912669222943892E-4 4.3039361452382814E-4 1.7607011503247515E-4 0.005047343297597621 
4.133427024345885E-4 2.2733848633902368E-4 1.8600421609556484E-4 1.8600421609556484E-4 2.8933989170421194E-4 0.0013640309180341422 2.2733848633902368E-4 2.480056214607531E-4 0.001942710701442566 2.2733848633902368E-4 1.4466994585210597E-4 0.9931591782747076 3.720084321911297E-4 5.580126482866945E-4 4.5467697267804737E-4 
2.07288255047469E-4 3.1093238257120354E-4 0.008768293188507938 3.1093238257120354E-4 0.9379586252642925 0.03523900335806973 0.003150781476721529 0.0010986277517515857 1.2437295302848142E-4 2.07288255047469E-4 0.0011815430537705735 0.010696073960449401 1.451017785332283E-4 4.353053355996849E-4 1.658306040379752E-4 
3.328617791462095E-4 1.0401930598319048E-4 1.0401930598319048E-4 1.0401930598319048E-4 1.0401930598319048E-4 1.0401930598319048E-4 1.0401930598319048E-4 1.0401930598319048E-4 0.9979820254639261 1.0401930598319048E-4 1.0401930598319048E-4 1.0401930598319048E-4 3.328617791462095E-4 1.4562702837646668E-4 1.6643088957310476E-4 
0.010093442384133525 1.0405610705292293E-4 1.456785498740921E-4 2.4973465692701506E-4 2.2892343551643047E-4 1.456785498740921E-4 1.456785498740921E-4 1.2486732846350753E-4 0.8381095086470625 1.2486732846350753E-4 1.0405610705292293E-4 1.0405610705292293E-4 0.005660652223679008 1.456785498740921E-4 0.14451312147509937 
2.124089296714034E-4 3.823360734085261E-4 6.372267890142102E-4 3.398542874742454E-4 3.823360734085261E-4 5.522632171456488E-4 0.9670128932220311 1.9116803670426305E-4 2.3364982263854374E-4 3.823360734085261E-4 3.6109518044138576E-4 0.02712462031903821 2.124089296714034E-4 0.001826716795174069 1.4868625076998237E-4 
1.5141027859491262E-4 5.840110745803772E-4 0.0013626925073542135 2.81190517390552E-4 0.0016438830247447655 9.300917113687489E-4 0.9811386052950337 2.163003979927323E-4 0.0017304031839418584 0.0015141027859491261 0.001319432427755667 0.008154525004326008 3.2445059698909845E-4 4.542308357847378E-4 1.9467035819345908E-4 
0.012475234591016961 1.7417430493566437E-4 1.7417430493566437E-4 1.7417430493566437E-4 0.9526245890574992 3.265768217543707E-4 1.5240251681870632E-4 1.5240251681870632E-4 0.005464718817356469 0.0011974483464326925 1.9594609305262242E-4 1.9594609305262242E-4 0.024384402690993012 3.9189218610524484E-4 0.001915917354292308 
1.1084508291212202E-4 6.872395140551565E-4 2.6602819898909286E-4 2.6602819898909286E-4 1.3301409949454643E-4 2.6602819898909286E-4 0.0017513523100115278 3.7687328190121484E-4 1.1084508291212202E-4 0.9944799148709763 7.537465638024297E-4 4.655493482309125E-4 1.1084508291212202E-4 1.1084508291212202E-4 1.1084508291212202E-4 
