1.6586152280000788E-6 8.293076140000394E-7 4.878280082353173E-7 6.829592115294442E-7 1.4634840247059519E-6 8.293076140000394E-7 3.65871006176488E-6 5.853936098823807E-7 6.683243712823847E-6 6.829592115294442E-7 8.780904148235712E-7 5.853936098823807E-7 2.5854884436471816E-6 2.4391400411765863E-7 0.9999781453052311 
4.1908247239583235E-6 0.9836294825386398 9.104205434806014E-6 3.612779934446831E-6 4.2630803226472605E-6 2.239923559357035E-6 0.008247976590342114 1.878645565912352E-6 1.1893271544198966E-4 3.880125649595896E-5 0.007685466754548743 3.540524335757894E-6 2.7240360705729103E-5 2.5289459541127813E-6 2.2074085399470135E-4 
1.007252215954875E-4 0.10997970433852712 9.228830759035147E-4 2.453412231619059E-4 3.573627312914668E-4 1.1461024046028602E-4 0.009428751496757965 3.9301663566463586E-5 0.00231573873948504 0.0060383358310678 0.8667066429695678 1.206113926815125E-4 1.6756158358875492E-4 8.436914005136045E-5 0.003378060352293523 
9.049248271405055E-6 2.513680075390293E-6 2.2623120678512636E-6 2.0109440603122344E-6 2.765048082929322E-6 2.2623120678512636E-6 1.759576052773205E-6 3.0164160904683514E-6 2.438269673128584E-5 4.524624135702527E-6 1.2568400376951464E-6 1.5082080452341757E-6 0.9999233327577006 2.765048082929322E-6 1.6590288497575932E-5 
2.826610888211806E-4 8.042507961176233E-4 0.0020554261062581698 5.797218934879685E-4 0.9778777698786744 0.006191344490802048 5.066566686417388E-5 2.8852763972124284E-4 0.0027754118985385354 5.375893915693397E-4 8.383834558998035E-4 6.325208515885287E-4 0.0014101055072513237 0.004522044098329793 0.0011535772360758748 
6.7618281278526465E-6 8.790376566208441E-6 2.5694946885840056E-5 6.7618281278526465E-6 0.9998208115546119 1.1495107817349498E-5 6.0856453150673814E-6 1.4876021881275821E-5 4.057096876711588E-6 2.163785000912847E-5 1.4199839068490556E-5 6.7618281278526465E-6 2.163785000912847E-5 2.5018764073054793E-5 5.409462502282117E-6 
6.890355156466185E-6 0.03184446539112412 0.9349233516892395 8.95746170340604E-6 5.856801882996257E-4 2.342720753198503E-5 0.0016571304151301175 2.0671065469398555E-5 8.268426187759421E-6 0.002508778312469338 0.02828490791729369 5.443380573608286E-5 1.0335532734699277E-5 5.2366699189143004E-5 1.0335532734699277E-5 
7.977069834554008E-5 1.3295116390923345E-5 6.256525360434516E-6 1.0948919380760402E-5 0.001348281215173638 0.9958691291307731 6.256525360434516E-6 6.256525360434516E-6 3.198648590522146E-4 1.1730985050814717E-5 5.474459690380201E-6 2.424403577168375E-5 0.0010284163561214235 0.0010675196396241393 2.0255500854406743E-4 
7.774236181295187E-6 6.21938894503615E-5 1.7200497551115603E-4 7.774236181295187E-6 5.441965326906631E-5 0.9899683199875612 1.0495218844748504E-4 0.002439166601881365 1.6520251885252274E-5 3.3526393531835497E-4 1.0106507035683744E-4 5.519707688719583E-4 9.717795226618984E-6 0.006158166835108451 1.0689574749280884E-5 
0.0019193575250938434 1.6995491662578308E-5 1.0197294997546984E-5 2.764599977112738E-4 0.834075280963803 3.512401610266183E-5 2.719278666012529E-5 2.605975388262007E-5 0.004566122093346038 2.832581943763051E-5 2.719278666012529E-5 9.064262220041763E-6 0.15421142618234804 7.829256492561073E-4 0.003988275376818376 
1.3138895202857972E-5 7.883337121714783E-6 7.883337121714783E-6 1.3138895202857972E-5 1.970834280428696E-5 2.2336121844858555E-5 7.883337121714783E-6 1.445278472314377E-5 1.0511116162286378E-5 1.0511116162286378E-5 7.883337121714783E-6 9.19722664200058E-6 2.365001136514435E-5 0.9998199971357209 1.1825005682572175E-5 
6.312162245523027E-4 1.1620116861076482E-4 2.2236026092183392E-4 3.586455821319902E-5 0.16917742483864534 0.6464500542989411 2.5822481913503292E-5 1.721498794233553E-5 0.004442901471451094 8.607493971167764E-5 2.2379484325036188E-4 0.038677774159442346 0.012861030575253169 0.12463651270250922 0.0023957524886416945 
1.9713950577125903E-4 0.3927101096424218 0.021824986118093134 7.064165623470116E-5 3.745650609653922E-4 4.271355958377279E-5 0.005396693970488216 2.5628135750263673E-4 6.587745151189572E-4 0.1050654996007925 0.46830325313041105 4.10707303690123E-5 4.912059352133871E-4 6.07846809461382E-5 0.0045062805360880295 
9.206882328678334E-6 1.2889635260149666E-5 2.0255141123092333E-5 1.2889635260149666E-5 1.2889635260149666E-5 1.6572388191621002E-5 1.1600671734134701E-4 1.6572388191621002E-5 1.2889635260149666E-5 1.1048258794414001E-5 1.8413764657356668E-5 0.9997053797654822 1.1048258794414001E-5 1.2889635260149666E-5 1.1048258794414001E-5 
7.349546306852981E-5 0.0035409737206607054 0.001969301510425991 1.4887542519009884E-4 1.601824195083342E-4 3.7689981060784515E-5 3.4486332670617833E-4 6.59574668563729E-5 6.59574668563729E-4 0.986932883566226 0.003836840071987864 4.579332698885319E-4 4.522797727294142E-5 1.451064270840204E-4 0.0015810947054999106 
3.6595254558516774E-5 2.6964924411538678E-5 0.9874208627620172 1.540852823516496E-5 0.011196221828876737 4.949989695546743E-4 3.2743122499725534E-5 3.466918852912116E-5 1.1556396176373719E-4 2.118672632335182E-5 3.6595254558516774E-5 2.6964924411538678E-5 1.4830708426346272E-4 3.6402647955577214E-4 2.8890990440934298E-5 
1.3586007188938662E-5 0.2566396757990513 6.598917777484493E-5 1.9408581698483803E-5 1.5526865358787042E-5 5.434402875575465E-5 0.7408372085801458 2.1349439868332183E-5 1.1645149019090282E-5 1.9602667515468639E-4 0.0020398419365106474 3.1053730717574084E-5 1.5526865358787042E-5 1.9408581698483803E-5 1.9408581698483803E-5 
2.9177243417405477E-5 0.015857831797359875 0.030719469140896908 4.668358946784876E-4 0.936964649685511 7.023379308332604E-4 0.002734324525973999 0.0018194095359567843 1.500543947180853E-4 4.793404275716614E-5 0.007884107989146065 0.0013817508846957023 2.876042565429968E-4 9.149149900172145E-4 3.959768749505029E-5 
1.0455023534257975E-5 1.0455023534257975E-5 1.0455023534257975E-5 0.9998536296705204 1.0455023534257975E-5 1.0455023534257975E-5 1.0455023534257975E-5 1.0455023534257975E-5 1.0455023534257975E-5 1.0455023534257975E-5 1.0455023534257975E-5 1.0455023534257975E-5 1.0455023534257975E-5 1.0455023534257975E-5 1.0455023534257975E-5 
1.2654677063186911E-5 8.858273944230838E-5 3.163669265796728E-5 1.687290275091588E-5 6.116427247207008E-5 3.585491834569625E-5 2.9527579814102794E-5 2.741846697023831E-5 1.898201559478037E-5 6.327338531593456E-5 4.007314403342522E-5 4.218225687728971E-5 0.9994453033220636 7.592806237912148E-5 1.0545564219322427E-5 
1.4843276207924613E-5 3.1807020445552744E-5 1.4843276207924613E-5 1.2722808178221097E-5 1.2086667769310043E-4 1.4843276207924613E-5 2.5445616356442194E-5 0.9995334970334653 1.696374423762813E-5 4.452982862377384E-5 2.9686552415849226E-5 2.120468029703516E-5 3.392748847525626E-5 6.785497695051252E-5 1.696374423762813E-5 
0.9992610985574238 2.1479693098145014E-5 2.2768474684033716E-4 1.2887815858887009E-5 2.1479693098145014E-5 1.5035785168701509E-5 5.3699232745362536E-5 1.2887815858887009E-5 1.718375447851601E-5 5.1551263435548036E-5 6.229110998462054E-5 1.933172378833051E-5 1.0739846549072507E-5 1.9546520719311962E-4 1.718375447851601E-5 
2.0292390804390373E-5 0.09292336691348227 4.734891187691087E-5 4.9603621966287574E-5 6.0877172413171115E-5 2.7056521072520496E-5 2.9085760152959534E-4 2.254710089376708E-5 0.10272459167200282 7.666014303880807E-5 2.525275300101913E-4 4.734891187691087E-5 1.9390506768639687E-4 1.5782970625636955E-5 0.8032472334707204 
2.041649652919559E-5 2.041649652919559E-5 3.629599382968105E-5 1.8147996914840525E-5 0.999693752552062 3.402749421532598E-5 2.041649652919559E-5 3.1758994600970915E-5 1.1342498071775327E-5 2.2684996143550654E-5 1.8147996914840525E-5 3.1758994600970915E-5 1.3610997686130393E-5 1.5879497300485458E-5 1.1342498071775327E-5 
7.276663286050181E-5 2.0465615492016136E-4 0.002162533370323038 2.50135300457975E-5 0.9899445609215894 4.252300107785575E-4 7.049267558361114E-5 2.3421759951974022E-4 1.1369786384453409E-4 0.001657714854853307 1.6827283848991044E-4 1.5917700938234772E-5 4.775310281470432E-4 0.004372819843460781 5.4574974645376365E-5 
1.2435954832612049E-5 0.9997935631497786 1.7410336765656866E-5 1.9897527732179275E-5 1.2435954832612049E-5 1.4923145799134458E-5 1.9897527732179275E-5 1.9897527732179275E-5 1.2435954832612049E-5 1.2435954832612049E-5 1.2435954832612049E-5 1.4923145799134458E-5 1.2435954832612049E-5 1.2435954832612049E-5 1.2435954832612049E-5 
3.020562479076312E-5 2.013708319384208E-5 2.265421859307234E-5 2.013708319384208E-5 0.8490071159417736 3.77570309884539E-5 4.027416638768416E-5 1.25856769961513E-5 2.013708319384208E-5 1.761994779461182E-5 2.013708319384208E-5 0.008404715098029838 0.14223073573350584 9.313400977151962E-5 2.265421859307234E-5 
1.4420034234229422E-4 7.47705478811896E-5 0.001121558218217844 9.613356156152949E-5 0.03646666435234019 2.269820203536113E-4 8.011130130127457E-5 4.8066780780764746E-5 1.9226712312305898E-4 1.2550770537199683E-4 7.210017117114711E-5 5.848124994993043E-4 0.009071269684014324 0.9515807294935097 1.1482619853182688E-4 
6.907079622233809E-4 2.418821657591606E-5 2.956337581500852E-5 2.150063695636983E-5 0.9954284270671518 4.031369429319344E-5 1.3437898097731146E-5 5.912675163001704E-5 1.558796179336813E-4 5.912675163001704E-5 1.8813057336823604E-5 1.6125477717277373E-5 0.0033836627410087023 3.493853505410098E-5 2.418821657591606E-5 
2.0558095178270093E-4 0.06146870458302758 0.07750687411307523 3.9974073957747404E-5 0.7882116455898603 0.00498819337172748 0.009582356585871449 2.141468247736468E-4 2.0843624277968288E-4 0.018682168993252948 0.01565270524545509 0.0011935116367384581 0.005165221413540361 0.01676055815228409 1.1992222187324221E-4 
0.006819880688164347 6.926666801351855E-5 2.8861111672299392E-5 6.926666801351855E-5 0.9679728243772494 4.617777867567903E-5 2.3088889337839516E-5 2.3088889337839516E-5 0.0024185611581386893 4.4446111975341064E-4 1.0101389085304788E-4 3.174722283952933E-5 0.021758392089746514 7.503889034797842E-5 1.1833055785642752E-4 
0.013855379558725829 1.74831287807266E-5 1.74831287807266E-5 1.4569273983938832E-4 2.62246931710899E-5 2.3310838374302133E-5 1.74831287807266E-5 1.4569273983938832E-5 0.9234209820856207 1.4569273983938832E-5 2.0396983577514366E-5 1.74831287807266E-5 0.01235474433838013 2.62246931710899E-5 0.050027973006049165 
1.8499248468030986E-4 0.01261913020497828 5.9461870075813886E-5 2.048131080389145E-4 1.2222717737806187E-4 7.26756189815503E-5 0.9565928348446558 2.3124060585038733E-5 0.0034157540921328643 2.2463373139751912E-4 0.010078786977850453 1.0570999124589135E-4 2.048131080389145E-4 7.26756189815503E-5 0.016018367110978975 
0.0026036331916974497 6.641247100649586E-4 0.03914701276044592 8.92107819490243E-5 5.716098250807853E-4 1.3877232747626E-4 3.1058568530401053E-4 0.0010176637348259068 7.269026677327906E-5 0.0037567651509644675 0.008111572951290913 1.7511746086289954E-4 5.286564856238477E-5 0.9432090770318582 7.929847284357716E-5 
0.0010884815329212654 1.7670154755215345E-5 2.1204185706258414E-5 5.654449521668911E-5 4.240837141251683E-5 1.7670154755215345E-5 1.7670154755215345E-5 2.1204185706258414E-5 0.9148793305131766 2.8272247608344554E-5 1.7670154755215345E-5 1.7670154755215345E-5 0.020705887342161344 2.1204185706258414E-5 0.06304711216660835 
1.985679281025246E-5 1.985679281025246E-5 1.985679281025246E-5 0.9997100908249703 1.985679281025246E-5 1.985679281025246E-5 1.985679281025246E-5 1.985679281025246E-5 2.382815137230295E-5 1.985679281025246E-5 1.985679281025246E-5 2.382815137230295E-5 1.985679281025246E-5 1.985679281025246E-5 2.382815137230295E-5 
1.1714987373846942E-4 2.169442106267952E-5 2.169442106267952E-5 3.037218948775133E-5 0.9994836727787082 2.169442106267952E-5 2.169442106267952E-5 2.6033305275215425E-5 8.243880003818219E-5 2.6033305275215425E-5 2.169442106267952E-5 2.169442106267952E-5 3.4711073700287233E-5 2.6033305275215425E-5 4.338884212535904E-5 
2.7533418686931264E-5 5.965574048835107E-5 6.883354671732816E-5 3.671122491590835E-5 8.718915917528234E-5 1.3766709343465631E-4 6.883354671732816E-5 5.0477934259373984E-5 2.7533418686931264E-5 8.718915917528234E-5 8.718915917528234E-5 0.9989996191210415 3.212232180141981E-5 1.8355612457954175E-4 4.588903114488544E-5 
0.999518196276546 2.3388530264758163E-5 2.3388530264758163E-5 5.145476658246796E-5 3.2743942370661426E-5 2.3388530264758163E-5 2.8066236317709794E-5 2.8066236317709794E-5 7.484329684722612E-5 4.209935447656469E-5 2.3388530264758163E-5 2.3388530264758163E-5 5.613247263541959E-5 2.3388530264758163E-5 2.8066236317709794E-5 
2.406449284081338E-5 0.07830104680543858 0.8541980507760799 0.06710624473589219 3.3690289977138734E-5 2.406449284081338E-5 6.738057995427747E-5 2.8877391408976056E-5 2.406449284081338E-5 2.406449284081338E-5 2.406449284081338E-5 6.738057995427747E-5 2.406449284081338E-5 2.406449284081338E-5 2.8877391408976056E-5 
2.0036682541884373E-4 0.08137461917459143 4.983482580930216E-4 5.13761090817548E-5 0.011056138674393633 0.004027886952009577 0.0022399983559645096 2.055044363270192E-4 0.002096145250535596 0.08278746217433969 0.8107715150300807 3.1853187630687975E-4 0.0017416500978714878 3.4935754175593266E-4 0.002281099243229913 
9.133221189073159E-4 0.02287433306845272 9.288021548209991E-5 1.4448033519437765E-4 7.74001795684166E-5 9.288021548209991E-5 0.0024716457342181036 1.2384028730946656E-4 0.7853641420448095 3.1476073024489415E-4 0.1092993735745467 7.224016759718883E-5 4.644010774104996E-5 5.676013168350551E-5 0.07805550108876252 
1.5852633915124998E-4 0.0017966318437141664 8.401895975016249E-4 8.454738088066666E-5 0.03479653144369937 0.003815200562240083 0.0037623584491896663 4.702948061487083E-4 0.004042421648356874 0.0017754949984939998 0.002293347706388083 5.337053418092083E-4 0.003556274208293041 0.9371390223152244 0.004935453358908916 
1.7404546937887524E-4 3.263352550853911E-5 3.263352550853911E-5 4.895028826280866E-5 1.6860654846078538E-4 7.995213749592081E-4 3.807244642662896E-5 3.263352550853911E-5 1.3597302295224629E-4 4.895028826280866E-5 3.807244642662896E-5 3.807244642662896E-5 1.9036223213314478E-4 0.9981942782551941 2.7194604590449256E-5 
0.9995875948531837 2.7493676454415485E-5 3.299241174529858E-5 3.849114703618168E-5 2.7493676454415485E-5 2.7493676454415485E-5 2.7493676454415485E-5 2.7493676454415485E-5 3.299241174529858E-5 2.7493676454415485E-5 2.7493676454415485E-5 2.7493676454415485E-5 2.7493676454415485E-5 2.7493676454415485E-5 3.299241174529858E-5 
1.706409494242244E-4 3.8531827289340996E-5 6.605456106744171E-5 2.752273377810071E-5 0.0013045775810819737 5.119228482726732E-4 3.3027280533720854E-5 4.3485919369399124E-4 1.816500429354647E-4 3.247682585815884E-4 0.9934385802673008 1.045863883567827E-4 0.0025320915075852653 4.788955677389524E-4 3.522909923596891E-4 
5.684256281939112E-4 5.0155202487698047E-5 8.91648044225743E-5 3.900960193487626E-5 0.04277124212145361 0.3278032578590416 4.458240221128715E-5 4.458240221128715E-5 0.003666902581878368 1.727568085687377E-4 8.35920041461634E-5 0.005461344270882676 0.004831617839648245 0.6122111199656716 0.002162246507247427 
0.03282850879155295 7.270368216187195E-5 6.151850029081473E-5 2.2370363742114447E-4 0.03005458368753076 0.0377052480873339 5.033331841975751E-5 3.914813654870028E-5 0.29870587445751867 0.24935125945147868 3.6351841080935974E-4 8.556664131358775E-4 0.020351438414388617 0.010726589414343877 0.31860990559706504 
8.831895760690035E-4 2.8674986236006606E-5 3.440998348320793E-5 6.308496971921454E-5 6.308496971921454E-5 2.8674986236006606E-5 2.8674986236006606E-5 4.014498073040925E-5 0.9980099559552211 2.8674986236006606E-5 2.8674986236006606E-5 4.014498073040925E-5 1.4337493118003302E-4 4.587997797761057E-5 5.333547439897229E-4 
0.0011951635311318867 3.033409977492098E-5 3.6400919729905175E-5 0.9843112035964109 3.033409977492098E-5 4.2467739684889374E-5 3.033409977492098E-5 3.033409977492098E-5 0.01142382197523524 3.6400919729905175E-5 3.033409977492098E-5 3.033409977492098E-5 0.0022750574831190734 3.033409977492098E-5 4.671451365337831E-4 
5.5836807623585466E-5 0.012780424856065118 0.9605668056382768 4.342862815167758E-5 9.926543577526305E-5 4.342862815167758E-5 4.21878102044868E-4 3.722453841572365E-5 3.722453841572365E-5 0.005199027198729402 0.020485904308119914 6.204089735953941E-5 3.722453841572365E-5 6.204089735953941E-5 6.824498709549335E-5 
8.922823946310094E-5 9.560168513903671E-5 3.122988381208533E-4 1.0834857649090827E-4 0.02331406428257309 5.035022083989267E-4 1.0834857649090827E-4 1.2746891351871564E-4 1.338423591946514E-4 2.1032370730588077E-4 1.2746891351871564E-4 0.9423840510895405 0.0036201171439315238 0.028756986889822245 1.0834857649090827E-4 
1.591818055196291E-4 0.008808059905419477 0.002129056648825039 7.959090275981455E-5 9.285605321978365E-5 7.959090275981455E-5 0.0045234163068494605 3.5152648718918093E-4 0.9693110744108615 7.163181248383309E-4 0.013231987583819169 7.295832752983E-5 5.9693177069860916E-5 1.5254923028964456E-4 2.321401330494591E-4 
3.990927291956286E-5 2.9931954689672147E-4 7.981854583912572E-5 4.656081840615667E-5 2.1950100105759573E-4 5.986390937934429E-5 1.4633400070506383E-4 4.656081840615667E-5 1.263793642452824E-4 1.4633400070506383E-4 1.5963709167825143E-4 7.316700035253191E-5 0.9983637198102979 5.986390937934429E-5 1.330309097318762E-4 
4.130979592960811E-5 3.442482994134009E-5 4.819476191787613E-5 4.130979592960811E-5 4.130979592960811E-5 0.9991806890473961 1.3769931976536035E-4 1.6523918371843244E-4 4.130979592960811E-5 4.130979592960811E-5 4.819476191787613E-5 3.442482994134009E-5 4.130979592960811E-5 4.130979592960811E-5 6.196469389441216E-5 
4.876315734477642E-4 0.045377600991981945 1.6022180270426538E-4 1.1145864535948897E-4 2.1595112538400988E-4 7.662781868464866E-5 0.0054754059532848955 4.179699200980836E-5 0.0028421954566669686 0.8475176069828841 0.09391784104603938 7.662781868464866E-5 2.1595112538400988E-4 4.179699200980836E-5 0.003441285675474222 
7.033090691704469E-5 1.828603579843162E-4 9.846326968386257E-5 7.033090691704469E-5 1.617610859092028E-4 4.430847135773816E-4 4.3605162288567714E-4 9.846326968386257E-5 1.5472799521749832E-4 4.3605162288567714E-4 1.4066181383408938E-4 1.4066181383408938E-4 7.033090691704469E-5 0.9973977564440694 9.846326968386257E-5 
8.202560062166771E-4 9.353796562120002E-5 1.7268547499298465E-4 1.4390456249415389E-4 0.001647707240558062 0.9768457558946907 7.195228124707694E-5 9.137939718378771E-4 0.010102100287089601 9.353796562120002E-5 7.195228124707694E-5 5.756182499766155E-5 0.006669976471604032 8.634273749649232E-5 0.002208935034285262 
0.004293544003225758 8.213736353997102E-5 2.5387912366900135E-4 0.0032406923433043115 0.010767461656785294 1.3440659488358895E-4 5.97362643927062E-5 4.6295604904347305E-4 0.9784949448186258 1.4187362793267722E-4 1.493406609817655E-4 5.97362643927062E-5 3.658846194053255E-4 1.1200549573632412E-4 0.001381401114081331 
8.971090660347032E-5 7.475908883622526E-5 0.9541502508167431 8.223499771984779E-5 0.041005360226669556 2.541809020431659E-4 7.475908883622526E-5 2.018495398578082E-4 5.158377129699543E-4 1.0466272437071537E-4 1.0466272437071537E-4 8.223499771984779E-5 0.002766086286940335 3.588436264138813E-4 1.3456635990520546E-4 
7.038618553798508E-5 4.6924123691990054E-5 3.910343640999171E-5 1.4077237107597016E-4 3.910343640999171E-5 3.910343640999171E-5 3.910343640999171E-5 3.910343640999171E-5 0.9830447499726276 4.6924123691990054E-5 3.910343640999171E-5 3.910343640999171E-5 6.256549825598673E-5 4.6924123691990054E-5 0.016267029546556552 
2.0442822996603345E-4 0.9025191848031199 3.6168071455528996E-4 1.887029815071078E-4 1.3366461190086803E-4 1.572524845892565E-4 0.0055510127060007545 1.1007673921247955E-4 0.06825544093596679 0.001037866398289093 0.004072839350861743 9.43514907535539E-5 0.009018429991193861 1.258019876714052E-4 0.008169266574411875 
3.7178544024933354E-4 0.9145368107137489 7.11929566434894E-5 1.0283427070726247E-4 1.6611689883480862E-4 2.2939952696235475E-4 0.00360710980327013 8.701361367537594E-5 0.061803396695064745 0.0012656525625509227 0.0030850281212178744 1.2656525625509227E-4 0.008946581551531834 1.1074459922320575E-4 0.005489767990064627 
1.9365302219747767E-4 4.0344379624474514E-5 4.0344379624474514E-5 0.9987493242316413 6.455100739915922E-5 4.841325554936942E-5 4.0344379624474514E-5 4.0344379624474514E-5 2.259285258970573E-4 4.841325554936942E-5 5.648213147426432E-5 4.841325554936942E-5 1.9365302219747767E-4 4.0344379624474514E-5 1.6944639442279297E-4 
4.878762745767673E-5 7.31814411865151E-5 7.31814411865151E-5 4.065635621473061E-5 0.9992112666894343 8.131271242946122E-5 5.691889870062286E-5 4.878762745767673E-5 4.065635621473061E-5 4.878762745767673E-5 8.944398367240734E-5 4.065635621473061E-5 4.878762745767673E-5 5.691889870062286E-5 4.065635621473061E-5 
0.01521671548014464 0.24617536855539376 0.013965017916455323 0.008058314380614232 0.0633948001374413 0.028731776756058054 0.020763453703552204 0.2295678780044832 0.06093231015920284 0.02352864178542795 0.1338252859269925 0.021426117119623018 0.016222982148992916 0.041616898735212786 0.07657443919040528 
1.2538660871018974E-4 2.591323246677255E-4 8.359107247345983E-4 0.6746133912898102 7.941151884978684E-4 0.005533728997743041 0.06267658614060019 0.027476385522026248 7.523196522611385E-5 0.00195603109587896 0.013441444453732342 0.001069965727660286 1.5882303769957368E-4 0.21088355763604447 1.003092869681518E-4 
6.717946995398207E-4 0.02175775083134594 4.030768197238924E-4 3.191024822814148E-4 4.5346142218937894E-4 5.878203620973431E-5 5.038460246548655E-4 2.015384098619462E-4 0.23382654260857882 1.595512411407074E-4 8.397433744247758E-4 1.763461086292029E-4 1.0916663867522086E-4 9.237177118672533E-5 0.7404269255315575 
4.310567787989034E-5 5.1726813455868405E-5 4.310567787989034E-5 5.1726813455868405E-5 5.1726813455868405E-5 4.310567787989034E-5 4.310567787989034E-5 0.999241340069314 6.896908460782454E-5 6.896908460782454E-5 7.759022018380261E-5 5.1726813455868405E-5 6.034794903184647E-5 4.310567787989034E-5 6.034794903184647E-5 
0.9979148153687786 7.918422650208078E-5 5.278948433472052E-5 1.1437721605856113E-4 1.2317546344768122E-4 8.798247389120087E-5 4.3991236945600435E-5 4.3991236945600435E-5 4.135176272886441E-4 1.7596494778240174E-4 9.678072128032096E-5 4.3991236945600435E-5 2.3755267950624235E-4 6.158773172384061E-5 5.102983485689651E-4 
0.0035139331535507068 5.4479583775979954E-5 5.4479583775979954E-5 0.9492704275739333 7.263944503463994E-5 8.171937566396992E-5 4.539965314664996E-5 7.263944503463994E-5 0.039316099624998865 5.4479583775979954E-5 6.355951440530994E-5 5.4479583775979954E-5 3.0871764139721975E-4 5.4479583775979954E-5 0.006982466653954764 
0.006570350266377901 4.5690891977593185E-5 5.4829070373111824E-5 0.9629081338925899 5.4829070373111824E-5 7.31054271641491E-5 4.5690891977593185E-5 5.4829070373111824E-5 0.010426661549286766 5.4829070373111824E-5 4.5690891977593185E-5 5.4829070373111824E-5 4.660470981714505E-4 4.5690891977593185E-5 0.01909879284663395 
4.648308945205734E-5 8.366956101370321E-5 1.0226279679452616E-4 4.648308945205734E-5 6.507632523288028E-5 7.437294312329174E-5 1.8593235780822937E-4 0.998800736292137 7.437294312329174E-5 9.296617890411468E-5 1.0226279679452616E-4 9.296617890411468E-5 5.577970734246881E-5 1.0226279679452616E-4 7.437294312329174E-5 
0.0012393305751239331 0.9195646501919564 1.4909240001490925E-4 1.4909240001490925E-4 5.125051250512505E-4 1.9568377501956837E-4 0.004351634425435164 1.1181930001118193E-4 0.05614260688061426 9.877371500987737E-4 0.002692981475269298 2.7954825002795484E-4 0.008843042975884305 2.050020500205002E-4 0.004575273025457527 
0.019997139178944356 6.675249129833596E-5 6.675249129833596E-5 0.0029943260382396413 4.7680350927382826E-5 6.675249129833596E-5 4.7680350927382826E-5 1.4304105278214847E-4 0.8435989128879988 1.0489677204024222E-4 8.582463166928908E-5 4.7680350927382826E-5 0.010337100081056597 1.2396891241119533E-4 0.12227149191818051 
0.05151681743215553 4.99775101204458E-5 4.99775101204458E-5 3.7982907691538805E-4 1.1994602428906992E-4 6.996851416862412E-5 4.99775101204458E-5 4.99775101204458E-5 0.6296766455095207 4.99775101204458E-5 4.99775101204458E-5 4.99775101204458E-5 0.04051176970363336 6.996851416862412E-5 0.2773052126543056 
0.010900274510589697 6.0111807962810827E-5 7.01304426232793E-5 0.9862744705151582 6.0111807962810827E-5 6.0111807962810827E-5 7.01304426232793E-5 7.01304426232793E-5 6.211553489490452E-4 7.01304426232793E-5 1.0018634660468471E-4 5.0093173302342355E-5 2.2040996253030638E-4 8.014907728374777E-5 0.0012924038712004329 
2.2303411359870853E-4 0.9190810994519734 2.548961298270955E-4 1.8055142529419262E-4 2.548961298270955E-4 2.1241344152257954E-4 0.005331577382216747 1.0620672076128977E-4 0.05360253196822295 0.0011364119121458007 0.006499851310590934 1.5931008114193466E-4 0.0077637112876502825 1.0620672076128977E-4 0.00508730192446578 
0.020942807097707714 5.439690155248757E-5 1.3055256372597018E-4 5.439690155248757E-4 0.0013599225388121893 0.0022737904848939804 6.527628186298509E-5 6.527628186298509E-5 0.20720867739373566 0.5325674249594743 8.703504248398012E-5 9.791442279447762E-5 0.007158632244307364 6.092452973878608E-4 0.22683507947387316 
1.3799924100417447E-4 3.334981657600883E-4 0.9639131984774084 8.049955725243512E-5 0.03219982290097404 5.749968375173937E-4 1.4949917775452235E-4 2.2999873500695745E-4 1.9549892475591383E-4 6.554963947698288E-4 2.0699886150626171E-4 1.1499936750347873E-4 3.9099784951182766E-4 5.519969640166979E-4 2.644985452580011E-4 
7.124706105873133E-5 0.007350321799225782 0.0015199373025862684 3.562353052936566E-4 0.0020067922198209326 0.0011874510176455222 0.0026717647897024246 0.9669294891585722 1.0687059158809699E-4 0.0051297883962286555 0.009843968936281379 0.0016980549552330967 9.499608141164177E-5 9.024627734105968E-4 1.3061961194100745E-4 
0.0010751778875774671 0.06545296398758109 0.0045785665100209 0.001800016912910591 0.2705220049047441 0.0011597424405329984 0.006813486838131365 0.614663493482489 0.00828732618964205 0.0021141138238882783 0.008432293994708675 0.006016163910264928 7.973229278664363E-4 2.4161300844437465E-4 0.008045713181197676 
0.005236886321547273 6.132185388228656E-5 9.811496621165851E-5 2.9434489863497555E-4 0.09928008143542195 0.7066730441394704 1.1037933698811582E-4 8.58505954352012E-5 0.04807633344371267 0.002219851110538774 1.3490807854103044E-4 0.001876448728797969 0.02931184615573298 0.08742043489458773 0.019120154040496953 
9.014682819002458E-4 8.644216401783178E-4 0.0031860111880858 0.00854542535719137 6.668395509947024E-4 7.285839538645821E-4 0.0029637313377542324 0.9667074179725608 0.0012842835796935009 0.0017164943997826597 5.803973869768705E-4 0.0053964608108274985 1.605354474616876E-4 0.00229689178675953 0.004001037305968214 
0.004661567686462707 1.874625074985003E-4 2.7494501099780045E-4 0.0017621475704859028 0.001874625074985003 5.74885022995401E-4 4.249150169966007E-4 5.123975204959008E-4 0.9767796440711858 4.249150169966007E-4 6.87362527494501E-4 3.249350129974005E-4 9.623075384923016E-4 3.4993001399720057E-4 0.010197960407918417 
1.2558554259233678E-4 8.790987981463574E-5 2.762881937031409E-4 1.5070265111080412E-4 3.767566277770103E-4 0.0021098371155512576 8.790987981463574E-5 2.134954224069725E-4 9.921257864794605E-4 4.26990844813945E-4 1.3814409685157045E-4 0.9898526881585392 4.6466650759164604E-4 0.004144322905547114 5.525763874062818E-4 
0.0012418664217430113 2.328499540768146E-4 2.8459438831610675E-4 3.8808325679469104E-4 0.011422583858323739 8.796553820679663E-4 1.8110551983752248E-4 3.8808325679469104E-4 0.9487083295603017 0.01742493823008163 6.597415365509747E-4 2.4578606263663764E-4 0.001966288501093101 0.0019792246096529244 0.013996869461728522 
9.131228802504565E-5 0.0014609966084007304 1.9566918862509784E-4 1.174015131750587E-4 0.07255413514218628 0.012157578919906079 3.3915992695016957E-4 1.0435690060005218E-4 1.6957996347508479E-4 9.131228802504565E-5 7.696321419253848E-4 0.005035220453952518 7.304983042003652E-4 0.906013566397078 1.6957996347508479E-4 
6.622691991840843E-5 7.947230390209012E-4 2.9139844764099714E-4 9.271768788577181E-5 7.947230390209013E-5 6.622691991840843E-5 9.139314948740364E-4 1.4569922382049857E-4 6.622691991840843E-5 7.947230390209013E-5 1.3245383983681686E-4 0.9970727701396064 6.622691991840843E-5 6.622691991840843E-5 6.622691991840843E-5 
6.62576361925712E-5 7.950916343108544E-5 0.9270105879702636 1.5901832686217088E-4 6.62576361925712E-5 6.62576361925712E-5 7.950916343108544E-5 1.5901832686217088E-4 7.950916343108544E-5 7.950916343108544E-5 9.276069066959968E-5 0.07186303221446272 6.62576361925712E-5 6.62576361925712E-5 6.62576361925712E-5 
1.5012760846719713E-4 1.5012760846719713E-4 1.0918371524887063E-4 1.364796440610883E-4 8.325258287726386E-4 9.55357508427618E-5 0.9962195138595078 5.459185762443532E-4 4.230868965893737E-4 5.049746830260266E-4 2.456633593099589E-4 1.364796440610883E-4 1.5012760846719713E-4 1.364796440610883E-4 1.6377557287330596E-4 
0.6167852422597789 9.842242906554934E-5 9.842242906554934E-5 0.024675909001434154 3.6556902224346894E-4 1.1248277607491353E-4 8.436208205618515E-5 7.030173504682095E-5 0.1677399398217148 1.406034700936419E-4 1.2654312308427773E-4 8.436208205618515E-5 0.021624813700402125 8.436208205618515E-5 0.16790866398582718 
3.8817085268197306E-4 1.868970772172463E-4 3.737941544344926E-4 1.7252037896976581E-4 0.0019408542634098652 0.008453498569518525 1.2939028422732435E-4 1.4376698247480483E-4 0.4665238581307417 0.4267866641747056 3.0191066319709014E-4 6.325747228891412E-4 0.026654398550828816 7.188349123740242E-4 0.0665928662823296 
7.565212128548084E-5 7.565212128548084E-5 1.513042425709617E-4 7.565212128548084E-5 1.0591296979967318E-4 9.078254554257701E-5 0.9983205229074623 7.565212128548084E-5 7.565212128548084E-5 1.3617381831386552E-4 1.2104339405676935E-4 3.782606064274042E-4 7.565212128548084E-5 1.6643466682805786E-4 7.565212128548084E-5 
0.021703909760645616 7.642221746706203E-5 1.3755999144071164E-4 9.170666096047443E-5 0.8439916852627396 4.7381774829578457E-4 1.2227554794729925E-4 1.2227554794729925E-4 0.10819857548986642 1.8341332192094886E-4 1.0699110445388683E-4 1.0699110445388683E-4 0.02358389631033534 8.864977226179195E-4 2.1398220890777366E-4 
8.722131260424477E-4 2.2952977001117046E-4 2.7543572401340455E-4 1.8362381600893637E-4 8.263071720402136E-4 9.334210647120931E-4 5.814754173616318E-4 0.9890131750087986 9.028170953772704E-4 3.6724763201787273E-4 2.142277853437591E-4 3.825496166852841E-4 3.2134167801563864E-4 0.004269253722207771 6.273813713638659E-4 
9.183860895120309E-5 0.0028163840078368947 0.0035970121839221207 1.6837078307720566E-4 1.6837078307720566E-4 2.602093920284087E-4 0.003000061225739301 0.9797036674217842 1.071450437764036E-4 8.877732198616298E-4 0.00864813567623829 2.908222616788098E-4 7.653217412600258E-5 1.071450437764036E-4 7.653217412600258E-5 
0.0012133499209018722 5.836366708135588E-4 2.303828963737732E-4 2.457417561320248E-4 0.9625858176288993 1.8430631709901856E-4 2.303828963737732E-4 4.454069329892949E-4 0.002442058701561996 0.0168947457340767 3.0717719516503095E-4 1.228708780660124E-4 0.0114116328003809 7.83301847670829E-4 0.0023191878234959835 
3.996372523401835E-4 1.0759464486081865E-4 9.222398130927313E-5 1.2296530841236417E-4 3.074132710309104E-4 8.453864953350036E-4 9.222398130927313E-5 1.0759464486081865E-4 7.68533177577276E-5 1.9981862617009176E-4 1.2296530841236417E-4 0.9968951259625878 1.3833597196390968E-4 3.84266588788638E-4 1.0759464486081865E-4 
9.246417013407305E-5 1.2328556017876408E-4 2.003390352904916E-4 1.2328556017876408E-4 0.002635228848821082 0.006410849129295731 1.6951764524580058E-4 1.6951764524580058E-4 2.6198181537987364E-4 2.6198181537987364E-4 2.003390352904916E-4 3.5444598551394665E-4 3.082139004469102E-4 0.9885036215133303 1.849283402681461E-4 
7.796419883989273E-5 9.355703860787127E-5 9.355703860787127E-5 1.091498783758498E-4 9.355703860787127E-5 1.2474271814382835E-4 9.355703860787127E-5 0.998549865901578 7.796419883989273E-5 1.2474271814382835E-4 1.091498783758498E-4 9.355703860787127E-5 9.355703860787127E-5 1.8711407721574253E-4 7.796419883989273E-5 
1.40964195094446E-4 1.2530150675061868E-4 3.2891645522037404E-4 1.0963881840679135E-4 1.40964195094446E-4 0.9977915609435204 4.2289258528333803E-4 1.0963881840679135E-4 9.3976130062964E-5 1.5662688343827334E-4 1.40964195094446E-4 9.3976130062964E-5 9.3976130062964E-5 1.7228957178210067E-4 7.831344171913667E-5 
1.4260588486951563E-4 9.50705899130104E-5 9.50705899130104E-5 1.584509831883507E-4 1.584509831883507E-4 9.50705899130104E-5 7.922549159417535E-5 7.922549159417535E-5 6.496490310722379E-4 0.9973855587773922 9.50705899130104E-5 7.922549159417535E-5 2.693666714201962E-4 2.693666714201962E-4 3.485921630143715E-4 
0.004909747292418772 1.2835940633774569E-4 0.9888648215002006 0.0011552346570397113 1.444043321299639E-4 2.4067388688327315E-4 1.1231448054552748E-4 1.1231448054552748E-4 0.0019574809466506218 1.9253910950661854E-4 9.626955475330927E-5 1.444043321299639E-4 3.208985158443642E-4 1.444043321299639E-4 0.0014761331728840755 
2.596391016487083E-4 8.113721926522134E-5 1.6227443853044268E-4 1.1359210697130988E-4 1.2981955082435416E-4 1.1359210697130988E-4 1.460469946773984E-4 9.73646631182656E-5 0.9979553420745164 2.2718421394261976E-4 1.6227443853044268E-4 1.2981955082435416E-4 1.7850188238348696E-4 8.113721926522134E-5 1.6227443853044268E-4 
1.308879108653327E-4 0.03371999803668134 0.016311905891592086 1.1452692200716611E-4 1.308879108653327E-4 1.472488997234993E-4 0.00762422080790563 0.9351450401662277 9.816593314899952E-5 4.2538571031233127E-4 0.00556273621177664 1.1452692200716611E-4 1.1452692200716611E-4 2.617758217306654E-4 9.816593314899952E-5 
0.998078261157682 9.940028494748351E-5 1.8223385573705312E-4 9.940028494748351E-5 1.6566714157913918E-4 9.940028494748351E-5 1.3253371326331134E-4 8.283357078956959E-5 1.9880056989496703E-4 1.1596699910539743E-4 1.1596699910539743E-4 9.940028494748351E-5 1.6566714157913918E-4 2.3193399821079487E-4 1.3253371326331134E-4 
1.0268521846280227E-4 1.19799421539936E-4 1.19799421539936E-4 8.557101538566857E-5 1.7114203077133713E-4 1.0268521846280227E-4 1.0268521846280227E-4 0.9969023292430388 3.4228406154267427E-4 8.557101538566857E-5 1.3691362461706972E-4 8.557101538566857E-5 8.557101538566857E-5 1.5402782769420343E-4 0.0014033646523249645 
1.3712718546451835E-4 0.0019369214946863215 4.285224545766198E-4 1.0284538909838876E-4 0.0032739115529653753 1.7140898183064793E-4 0.0017826534110387383 1.885498800137127E-4 1.1998628728145355E-4 0.9680665066849503 0.0011827219746314707 0.021803222488858416 1.1998628728145355E-4 5.142269454919438E-4 1.7140898183064793E-4 
8.736371260833101E-5 8.736371260833101E-5 1.048364551299972E-4 1.223091976516634E-4 0.987856443947442 0.01057100922560805 1.048364551299972E-4 1.048364551299972E-4 1.572546826949958E-4 8.736371260833101E-5 1.048364551299972E-4 3.3198210791165783E-4 8.736371260833101E-5 8.736371260833101E-5 1.048364551299972E-4 
0.012322035123220351 1.0840500108405001E-4 9.033750090337501E-5 1.445400014454E-4 1.2647250126472502E-4 1.2647250126472502E-4 9.033750090337501E-5 1.2647250126472502E-4 0.8841511888415119 9.033750090337501E-5 1.62607501626075E-4 9.033750090337501E-5 0.007588350075883501 1.0840500108405001E-4 0.09467370094673701 
0.05256403102505441 9.300076260625337E-5 9.300076260625337E-5 1.4880122017000538E-4 1.1160091512750405E-4 1.3020106764875472E-4 1.1160091512750405E-4 1.4880122017000538E-4 0.9442553428938117 9.300076260625337E-5 9.300076260625337E-5 9.300076260625337E-5 0.001023008388668787 1.6740137269125608E-4 8.742071684987817E-4 
3.003115732572544E-4 0.0020458725928150455 0.06730733135628214 2.627726266000976E-4 0.8025451405833552 0.025038477420323585 0.009028116671046211 3.566199932429896E-4 3.003115732572544E-4 0.014039566049776643 0.01291339765006194 0.002064642066143624 0.005687150418559255 0.05792259469199294 1.87694733285784E-4 
0.012870086053299973 1.1372682815876265E-4 1.1372682815876265E-4 1.516357708783502E-4 0.9706205693923197 1.1372682815876265E-4 1.3268129951855644E-4 1.1372682815876265E-4 0.0015542666515030897 2.274536563175253E-4 1.1372682815876265E-4 1.1372682815876265E-4 0.01300276735281853 1.70590242238144E-4 5.87588612153607E-4 
9.634282631315273E-5 9.634282631315273E-5 9.634282631315273E-5 9.634282631315273E-5 9.634282631315273E-5 1.1561139157578326E-4 9.634282631315273E-5 1.1561139157578326E-4 1.1561139157578326E-4 9.634282631315273E-5 9.634282631315273E-5 0.998593394735828 9.634282631315273E-5 9.634282631315273E-5 9.634282631315273E-5 
1.1620925413027058E-4 1.3557746315198235E-4 4.454688074993705E-4 1.7431388119540587E-4 0.07600085220119696 0.2861071836687262 3.292595533691E-4 3.873641804342352E-4 1.549456721736941E-4 2.1305029923882938E-4 5.616780616296411E-4 0.012105130638569852 1.7431388119540587E-4 0.6229590749743371 1.3557746315198235E-4 
6.847171140151811E-4 0.2076844823538618 0.0011542374207684483 0.006710227717348775 1.3694342280303623E-4 4.108302684091087E-4 0.02840597855857266 4.3039361452382814E-4 0.003951795915173331 5.673370373268644E-4 0.7454417403552703 3.130135378355114E-4 1.7607011503247515E-4 9.78167305735973E-5 0.0038344158384850144 
5.373455131649651E-4 1.4466994585210597E-4 2.480056214607531E-4 2.480056214607531E-4 4.3400983755631793E-4 0.0012606952424254949 1.2400281073037656E-4 2.480056214607531E-4 0.001116025296573389 3.1000702682594137E-4 1.8600421609556484E-4 0.9934071838961683 4.5467697267804737E-4 6.613483238953416E-4 6.200140536518827E-4 
1.036441275237345E-4 5.182206376186725E-4 0.007731851913270594 2.07288255047469E-4 0.9407777455329381 0.033021019029061814 0.0032336967787405164 6.840512416566477E-4 2.4874590605696283E-4 2.902035570664566E-4 6.840512416566477E-4 0.011981261141743709 1.451017785332283E-4 2.4874590605696283E-4 1.2437295302848142E-4 
3.744695015394857E-4 1.0401930598319048E-4 1.0401930598319048E-4 1.0401930598319048E-4 1.2482316717982858E-4 1.0401930598319048E-4 1.0401930598319048E-4 1.2482316717982858E-4 0.9978572022967462 1.2482316717982858E-4 1.2482316717982858E-4 1.0401930598319048E-4 3.328617791462095E-4 1.0401930598319048E-4 2.0803861196638096E-4 
0.008782335435266696 1.2486732846350753E-4 1.0405610705292293E-4 1.2486732846350753E-4 1.0405610705292293E-4 1.0405610705292293E-4 1.0405610705292293E-4 1.2486732846350753E-4 0.838338432082579 1.456785498740921E-4 1.456785498740921E-4 1.2486732846350753E-4 0.0044119789390439325 1.0405610705292293E-4 0.14715614659424361 
2.124089296714034E-4 6.372267890142102E-4 7.221903608827715E-4 2.3364982263854374E-4 4.4605875230994713E-4 2.3364982263854374E-4 0.9593661717538605 4.4605875230994713E-4 2.124089296714034E-4 3.823360734085261E-4 5.522632171456488E-4 0.034155355891161664 1.4868625076998237E-4 0.0021028484037468936 1.4868625076998237E-4 
1.2978023879563937E-4 8.868316317702025E-4 0.0017952933033396781 2.81190517390552E-4 0.0025956047759127876 5.191209551825575E-4 0.9796677625886832 2.5956047759127874E-4 0.002163003979927323 0.001319432427755667 9.084616715694756E-4 0.008284305243121647 3.460806367883717E-4 6.489011939781969E-4 1.9467035819345908E-4 
0.012954213929590038 1.5240251681870632E-4 1.5240251681870632E-4 2.1771788116958045E-4 0.954322788530622 1.7417430493566437E-4 1.5240251681870632E-4 2.394896692865385E-4 0.004724478021379896 0.0012845354989005247 1.9594609305262242E-4 1.9594609305262242E-4 0.023578846530665564 5.660664910409092E-4 0.0010885894058479022 
1.1084508291212202E-4 5.320563979781857E-4 3.990422984836393E-4 2.2169016582424404E-4 1.7735213265939522E-4 1.7735213265939522E-4 0.0019065354260884987 3.1036623215394165E-4 1.3301409949454643E-4 0.994723774053383 5.763944311430345E-4 3.990422984836393E-4 1.1084508291212202E-4 1.1084508291212202E-4 1.1084508291212202E-4 
