3.4539991215986805E-7 1.6776567162050734E-6 2.960570675656012E-7 3.4539991215986805E-7 0.9999940788586487 5.427712905369355E-7 3.4539991215986805E-7 2.467142229713343E-7 2.960570675656012E-7 3.4539991215986805E-7 2.467142229713343E-7 2.960570675656012E-7 3.947427567541349E-7 2.467142229713343E-7 2.960570675656012E-7 
9.592163147895808E-6 3.6916125029187583E-4 0.4256048269957455 4.384988867609512E-6 0.004641784778168894 0.02725709080106073 1.808807907888924E-5 3.2339292898620156E-5 0.5417862032902764 2.496703036495166E-4 5.755297888737485E-6 2.740618042255945E-6 8.221854126767836E-6 5.48123608451189E-6 4.659050671835107E-6 
2.0981797032166772E-6 0.9999693665763331 2.0981797032166772E-6 2.0981797032166772E-6 2.517815643860013E-6 2.9374515845033484E-6 2.0981797032166772E-6 2.0981797032166772E-6 2.0981797032166772E-6 2.0981797032166772E-6 2.0981797032166772E-6 2.0981797032166772E-6 2.0981797032166772E-6 2.0981797032166772E-6 2.0981797032166772E-6 
1.2191390768069341E-4 0.0018539119711251599 1.6352875116785318E-4 0.006496604580446181 0.0010456462081844088 0.0028925246846356824 4.964474990651314E-4 2.2858857690130016E-5 2.96579025415533E-4 9.377992898514877E-5 4.0442594374845406E-5 2.1393546299737064E-4 2.1686608577815653E-5 0.9862272451794186 1.2894740235457956E-5 
2.105005319922536E-5 3.827282399859156E-6 0.46942894395072504 1.4671249199460098E-5 4.465162799835682E-6 7.016684399741786E-6 1.275760799953052E-5 1.1481847199577469E-5 0.53043582540448 2.232581399917841E-5 3.827282399859156E-6 1.1481847199577469E-5 7.016684399741786E-6 4.465162799835682E-6 1.0843966799600942E-5 
0.031838253289662104 0.001484058091761655 0.547526960388667 0.0029219020938237145 0.02459045203888753 0.042550809462562685 9.978337959081654E-4 0.008252794976072817 0.18950185116719867 0.12956347863216708 0.001699506876135825 0.006474528876646133 0.0033567050786030067 0.004629219802021444 0.00461164542988216 
0.08282876368921742 1.2299224208345964E-5 0.02139630921986021 3.472722129415331E-5 6.800747503438356E-5 3.689767262503789E-5 1.9895803866442E-4 0.007221815061629965 0.8640299059254045 0.0027007649393973815 9.043547212019091E-5 8.898850456626786E-5 2.1487468175757362E-4 8.681805323538327E-5 0.020990434820984793 
0.08946823912805306 8.088288819558365E-6 0.02638840992330096 3.0147258327444815E-5 8.676528006435337E-5 1.8382474589905374E-5 4.897091230750792E-4 0.01123242727341578 0.8452607406960781 0.0036456123606700337 8.970647599873823E-5 5.514742376971612E-5 4.51473575928076E-4 8.088288819558365E-5 0.02269426782971358 
7.5865857026240485E-6 3.565695280233303E-5 5.310609991836834E-6 1.7449147116035312E-5 9.862561413411263E-6 9.103902843148857E-6 7.5865857026240485E-6 3.7932928513120242E-6 6.069268562099239E-6 6.069268562099239E-6 7.5865857026240485E-6 7.5865857026240485E-6 9.862561413411263E-6 0.9998588895059312 7.5865857026240485E-6 
7.459093090310555E-5 5.80151684801932E-6 0.5685942344525564 1.243182181718426E-5 8.287881211456172E-6 6.630304969164938E-6 8.287881211456172E-6 2.2377279270931666E-5 0.4306938365513795 4.732380171741474E-4 1.491818618062111E-5 1.3260609938329876E-5 1.7404550544057962E-5 1.4089398059475493E-5 4.0610617936135243E-5 
2.507111518248879E-4 8.678462947784582E-6 0.4992806518489947 1.5428378573839254E-5 5.785641965189721E-6 1.3499831252109349E-5 2.3142567860758883E-5 5.0142230364977584E-5 0.5000019285473217 2.2949713128585892E-4 1.639265223470421E-5 2.217829419989393E-5 1.2535557591244396E-5 1.639265223470421E-5 5.3035051347572444E-5 
6.133282156699423E-5 8.903151517789486E-6 2.186218317146085E-4 5.361675691824334E-4 1.4838585862982477E-5 7.91391246025732E-6 1.1870868690385982E-5 3.264488889856145E-5 5.045119193414042E-5 3.660184512869011E-5 0.9983489600129788 3.036963906623747E-4 3.264488889856145E-5 2.8490084856926356E-4 5.045119193414042E-5 
3.279178310785946E-5 0.0015132800649034404 0.16396620260221018 2.1861188738572974E-5 0.00822587951813082 0.03334924342069307 3.036276213690691E-5 1.4574125825715317E-5 0.7925603945701665 8.258671301238679E-5 1.9432167767620423E-5 1.4574125825715317E-5 1.0444790175095976E-4 3.643531456428829E-5 2.7933741165954356E-5 
0.05597211096354313 9.177475328979714E-5 0.39204470217125953 2.753242598693914E-5 0.0012546919842619409 0.0011773389779176832 8.128621005667746E-5 8.66615884636513E-4 0.48866778457056625 0.05491014596118977 2.3992542645761251E-4 1.3241785831813587E-4 0.001123585193847945 2.3205901903277276E-4 0.003178028599635261 
6.5980295644508725E-6 0.9997096866991642 6.5980295644508725E-6 9.237241390231222E-6 7.917635477341047E-5 1.082076848569943E-4 1.0556847303121396E-5 9.237241390231222E-6 6.5980295644508725E-6 7.917635477341048E-6 7.917635477341048E-6 7.917635477341048E-6 9.237241390231222E-6 1.0556847303121396E-5 1.0556847303121396E-5 
0.9880720360062976 2.3411116768797665E-5 0.0016607260957865843 3.0288132319631977E-4 2.0484727172697957E-5 2.194792197074781E-5 9.657085667129036E-5 8.51579372465015E-4 0.005950813243668756 6.759959966990325E-4 7.023335030639299E-5 1.2144516823813789E-4 5.999098672004401E-5 3.526299463300148E-4 0.0017192538877085783 
0.01061886573356775 2.772549799887141E-5 0.07629078502301216 0.0017695391369867929 0.0026078277235409048 0.0010861871568969622 0.0020712577916803935 0.023067614335061014 0.15833542633661363 0.7102962714097927 0.0019538321530969383 8.562286146710288E-4 0.0015085932734680031 0.002956842815997286 0.006553002997615607 
1.1480566680771362E-5 9.840485726375453E-5 1.1480566680771362E-5 0.9901759150831685 1.820489859379459E-4 7.216356199342E-5 5.133453387259195E-4 2.1321052407146817E-5 9.840485726375454E-6 1.968097145275091E-5 2.7881376224730453E-5 2.2961133361542725E-5 1.8040890498355E-5 0.00880395456319724 1.1480566680771362E-5 
7.885619095026639E-5 1.1499861180247181E-5 0.5670220123771363 1.8071210426102714E-5 1.9714047737566597E-5 2.6285396983422128E-5 2.9571071606349893E-5 5.914214321269979E-5 0.43213849775670565 3.992094666857236E-4 2.9571071606349893E-5 2.792823429488601E-5 1.4785535803174947E-5 2.2999722360494362E-5 1.0185591331076075E-4 
0.2675105272447616 3.681383796868302E-4 0.01695285643443691 8.573085554350841E-5 0.012076283651462048 0.021538616707430847 6.219689519823159E-4 0.03675836506215487 0.5625003151869689 0.021747060356203298 1.0254082721870614E-4 0.0019028887936323828 0.002338267060020004 0.0010338132580246602 0.05446262723047312 
0.0032828986829544398 2.872325147206664E-5 0.6131839724256786 1.5206427249917631E-5 1.7909792094347434E-4 7.434253322181954E-5 5.575689991636465E-5 0.0018095648427401982 0.3616409424605689 0.01910434143497985 4.899848780529015E-5 5.23776938608274E-5 2.703364844429801E-4 8.954896047173717E-5 1.638914936935567E-4 
1.0152215551840597E-5 0.9917107160019222 2.5380538879601492E-5 7.275754478819094E-5 0.003925523346711698 0.003834153406745132 7.614161663880447E-5 4.0608862207362386E-5 2.707257480490826E-5 1.3197880217392775E-4 1.1844251477147363E-5 4.230089813266915E-5 1.5228323327760896E-5 6.091329331104358E-5 1.5228323327760896E-5 
6.520000960842247E-5 1.7157897265374334E-5 0.04263394312500215 1.3726317812299468E-5 1.3726317812299468E-5 3.08842150776738E-5 2.05894767184492E-5 1.2696843976377006E-4 0.9569268147050043 4.11789534368984E-5 3.60315842572861E-5 1.8873686991911767E-5 1.54421075388369E-5 1.7157897265374334E-5 2.2305266444986633E-5 
1.7308164953735276E-5 0.007662324625018606 1.90389814491088E-5 0.9740567915508462 0.005720348517209509 0.012323413447059516 2.9423880421349967E-5 1.2115715467614692E-5 3.1154696916723495E-5 1.0384898972241165E-5 1.7308164953735276E-5 3.1154696916723495E-5 1.5577348458361748E-5 4.153959588896466E-5 1.2115715467614692E-5 
8.666637777874073E-6 1.0399965333448888E-5 1.0399965333448888E-5 1.0399965333448888E-5 1.0399965333448888E-5 1.5599948000173334E-5 1.2133292889023704E-5 1.0399965333448888E-5 8.666637777874073E-6 1.0399965333448888E-5 1.5599948000173334E-5 0.9998388005373315 1.3866620444598517E-5 1.2133292889023704E-5 1.2133292889023704E-5 
8.873382160597568E-6 8.873382160597568E-6 8.873382160597568E-6 8.873382160597568E-6 8.873382160597568E-6 8.873382160597568E-6 8.873382160597568E-6 8.873382160597568E-6 8.873382160597568E-6 0.9998739979733196 8.873382160597568E-6 8.873382160597568E-6 1.0648058592717082E-5 8.873382160597568E-6 8.873382160597568E-6 
0.004426892973666851 1.2480165451336268E-5 9.413610511865071E-4 1.7828807787623242E-5 1.0697284672573945E-5 1.604592700886092E-5 2.4960330902672537E-5 3.209185401772184E-5 0.0023605341510813172 5.348642336286973E-5 1.7828807787623242E-5 2.3177450123910213E-5 2.3177450123910213E-5 1.7828807787623242E-5 0.9920216085150386 
1.7216906236728633E-5 2.104288540044611E-5 0.9967536566795857 3.634680205531601E-5 3.443381247345727E-5 4.973772912832717E-5 2.104288540044611E-5 1.6834308320356887E-4 1.9129895818587373E-5 2.4868864564163584E-5 3.0607833309739795E-5 2.4868864564163584E-5 2.104288540044611E-5 1.5303916654869898E-5 0.0027623569562040167 
2.477296608787384E-5 1.4450896884593073E-5 5.945511861089721E-4 1.4450896884593073E-5 2.2708552247217686E-5 2.477296608787384E-5 2.2708552247217686E-5 8.670538130755844E-5 3.0966207609842296E-5 1.857972456590538E-5 1.0322069203280766E-5 2.0644138406561532E-5 1.857972456590538E-5 1.857972456590538E-5 0.9990772070132267 
1.0230478055624571E-4 8.309653604364447E-4 0.23733665162716797 2.0878526644131776E-5 0.01248327108052639 0.019272967945198043 7.307484325446122E-5 3.3405642630610844E-5 0.7292180365415973 2.8812366768901854E-4 5.0108463945916267E-5 2.9229937301784487E-5 1.5241324450216196E-4 5.2196316610329445E-5 5.6372021939155796E-5 
0.07383693695396902 1.4704368667931243E-5 0.3371963810448084 6.280866045302059E-4 1.2603744572512493E-5 2.310686504960624E-5 3.571060962211873E-5 0.02263632525223244 0.5514684412739025 0.0120890916691349 1.155343252480312E-4 1.5964743125182493E-4 1.8275429630143115E-4 4.1382294679749354E-4 0.0011868526139115932 
0.0020081873954759448 3.6452246452533654E-4 0.008454711949930077 0.005695387354826167 1.0604289877100699E-4 8.174140113598455E-5 2.8278106338935194E-4 2.3638729517703642E-4 0.005439117016129567 6.58349663203335E-4 1.811566187338036E-4 6.804419337806282E-4 9.05783093669018E-5 0.9755615302873983 1.5906434815651048E-4 
3.3674871361991394E-5 0.003933224975080595 0.025864546197433527 4.48998284826552E-5 0.8765254716726982 0.03887202650885874 4.040984563438968E-5 2.24499142413276E-5 0.05395387889618262 7.183972557224831E-5 2.24499142413276E-5 4.983880961574727E-4 1.7959931393062077E-5 5.163480275505348E-5 4.714481990678796E-5 
3.4304218961542686E-5 2.5156427238464636E-5 1.8295583446156097E-5 1.509385634307878E-4 1.120604486077061E-4 5.031285447692927E-5 8.461707343847196E-5 0.9968828899703611 5.7173698269237804E-5 0.002222913388707966 6.860843792308537E-5 3.887811482308171E-5 2.7443375169234148E-5 1.4636466756924878E-4 8.004317757693293E-5 
4.9404092540923055E-5 1.1762879176410252E-5 0.05230952369749639 3.0583485858666655E-5 2.3525758352820505E-5 1.1762879176410252E-5 2.1173182517538452E-5 7.763500256430766E-5 0.9468341386984609 6.351954755261536E-5 1.6468030846974354E-5 6.822469922317945E-5 2.1173182517538452E-5 2.5878334188102554E-5 4.352265295271793E-4 
0.9860936447603302 1.6485095118998837E-4 0.002458634186319255 7.465393075318044E-4 3.2970190237997675E-5 5.652032612228173E-5 2.3550135884284053E-5 2.896666713766938E-4 0.008645254883120675 1.5543089683627475E-4 2.8260163061140864E-5 4.945528535699651E-5 3.061517664956927E-5 1.2481572018670548E-4 0.0010997913457960653 
6.132610628757698E-5 4.906088503006158E-4 5.660871349622491E-5 4.717392791352076E-5 0.029351617947792615 0.003986196908692504 3.066305314378849E-5 3.7739142330816606E-5 0.0024483268587117274 4.717392791352076E-5 3.302174953946453E-5 1.6510874769732263E-5 6.132610628757698E-5 0.9632798145121154 5.189132070487283E-5 
1.2361550632911392E-5 1.2361550632911392E-5 1.730617088607595E-5 1.2361550632911392E-5 1.2361550632911392E-5 1.2361550632911392E-5 1.2361550632911392E-5 1.2361550632911392E-5 1.2361550632911392E-5 1.2361550632911392E-5 1.2361550632911392E-5 1.2361550632911392E-5 0.9998219936708861 1.2361550632911392E-5 1.2361550632911392E-5 
1.759786644458655E-4 7.287003851702036E-4 3.717859108011243E-5 4.064859291425625E-4 7.931432763757318E-5 5.700717298950572E-5 1.041000550243148E-4 1.3384292788840474E-4 1.4623579158177556E-4 3.22214456027641E-5 4.709288203480908E-5 2.478572738674162E-5 4.709288203480908E-5 0.9977643273897159 2.1563582826465209E-4 
4.966007677447869E-5 1.4898023032343607E-5 0.03456837944271462 1.2415019193619673E-5 1.2415019193619673E-5 1.986403070979148E-5 1.7381026871067544E-5 1.7381026871067544E-5 1.7381026871067544E-5 0.9648654956820564 2.731304222596328E-5 7.449011516171804E-5 1.4898023032343607E-5 1.4898023032343607E-5 2.731304222596328E-4 
3.4969751165242065E-5 4.4961108641025516E-5 2.4978393689458617E-5 0.9765852537555015 1.4987036213675171E-5 3.746759053418793E-5 5.745030548575482E-5 3.996542990313379E-5 4.745894800997137E-5 2.9974072427350343E-5 2.747623305840448E-5 3.4969751165242065E-5 1.4987036213675171E-5 0.022905187013233554 9.991357475783447E-5 
1.6905530884134032E-4 2.5232135647961242E-5 0.03517612030682277 4.037141703673799E-5 3.0278562777553492E-5 3.280177634234962E-5 3.280177634234962E-5 5.0464271295922484E-5 0.9640290674202665 9.840532902704886E-5 1.766249495357287E-5 5.298748486071861E-5 3.280177634234962E-5 3.280177634234962E-5 1.7914816310052483E-4 
2.085848301467655E-5 2.6073103768345688E-5 1.3036551884172844E-5 1.825117263784198E-5 2.6073103768345688E-5 2.8680414145180257E-5 2.085848301467655E-5 3.1287724522014826E-5 3.3895034898849395E-5 3.1287724522014826E-5 3.1287724522014826E-5 2.6073103768345688E-5 2.346579339151112E-5 0.999653227719881 1.5643862261007413E-5 
4.881576096462032E-4 6.787218102032772E-5 0.4938954194109217 5.220937001563671E-5 6.265124401876405E-5 7.570358652267322E-5 8.614546052580057E-5 1.7490138955238296E-4 0.5042250432685154 6.526171251954588E-4 2.3494216507036517E-5 4.176749601250937E-5 4.6988433014073035E-5 3.1325622009382025E-5 7.570358652267322E-5 
0.9991463923846573 1.321374017558418E-5 8.985343319397241E-5 2.642748035116836E-5 1.321374017558418E-5 1.5856488210701015E-5 1.5856488210701015E-5 5.285496070233672E-5 4.756946463210305E-5 3.435572445651887E-5 1.321374017558418E-5 4.492671659698621E-5 2.9070228386285196E-5 1.5856488210701015E-5 4.413389218645116E-4 
2.2161323625592545E-4 1.3513002210727162E-5 0.05044673985308664 5.134940840076321E-5 2.4323403979308892E-5 2.9728604863599756E-5 1.8918203095018028E-5 3.513380574789062E-5 0.9488154502262076 6.215981016934494E-5 4.8646807958617784E-5 4.324160707432692E-5 5.134940840076321E-5 1.8918203095018028E-5 1.1891441945439902E-4 
3.0528758090120894E-5 1.6652049867338668E-5 0.04523806880627005 2.220273315645156E-5 1.6652049867338668E-5 2.220273315645156E-5 3.0528758090120894E-5 5.273149124657245E-5 0.9542068628648187 6.105751618024179E-5 3.6079441379233785E-5 6.105751618024179E-5 2.7753416445564448E-5 5.8282174535685345E-5 1.1933969071592713E-4 
2.5348189415041783E-4 1.9498607242339832E-5 0.05037883008356546 4.735376044568245E-5 1.671309192200557E-5 2.2284122562674096E-5 4.456824512534819E-5 6.128133704735376E-5 0.9485738161559889 8.077994428969359E-5 1.9498607242339832E-5 1.2813370473537604E-4 1.9498607242339832E-5 1.9498607242339832E-5 3.1476323119777156E-4 
2.5702829595951518E-5 2.5702829595951518E-5 0.9961302962108317 1.7135219730634347E-5 2.2846959640845793E-5 1.7135219730634347E-5 4.8549789236797314E-5 4.5693919281691586E-5 3.141456950616297E-5 1.7135219730634347E-5 1.7135219730634347E-5 2.8558699551057242E-5 1.7135219730634347E-5 2.2846959640845793E-5 0.003532711134465781 
0.005539249024591044 1.4914510028516543E-5 3.2811922062736396E-4 3.5794824068439704E-5 1.7897412034219852E-5 2.6846118051329776E-5 2.6846118051329776E-5 1.044015701996158E-4 7.33793893403014E-4 7.457255014258271E-5 3.8777726074143014E-5 6.562384412547279E-5 4.772643209125294E-5 1.2229898223383565E-4 0.9928231377742779 
1.8219361107737157E-5 0.039150370460342525 1.5182800923114297E-5 3.0365601846228593E-5 0.22333596501882666 0.7372282278634763 2.1255921292360013E-5 1.5182800923114297E-5 1.5182800923114297E-5 1.8219361107737157E-5 3.3402162030851453E-5 3.6438722215474313E-5 4.251184258472003E-5 1.8219361107737157E-5 2.1255921292360013E-5 
0.011398785657005384 0.0054989116737312405 0.017349575489110373 0.012299359733200952 5.091584883084482E-5 0.004534692786497117 0.005565738725321724 0.001250620536907626 0.04419177454462138 8.592049490205063E-5 1.7820547090795688E-4 0.0012283448530441313 4.773360827891702E-5 0.8654294115400771 0.030890009037563167 
4.498503985883764E-4 4.1846548705895484E-5 0.01870540727153528 3.103619029020582E-4 7.323146023531709E-5 0.8985290938129877 1.046163717647387E-4 2.7897699137263655E-4 0.001447193142745552 0.07366387457194468 2.336432302745831E-4 0.0052726651369428305 4.498503985883764E-4 9.415473458826483E-5 3.452340268236377E-4 
7.825672474264208E-5 6.153824263853218E-4 2.8456990815506213E-5 0.001042237288617915 0.04809942872590938 0.03868372188982876 9.24852201503952E-4 0.007057333722245541 0.0028777131962180657 0.8992586953892561 1.5651344948528417E-4 7.469960089070381E-5 3.912836237132104E-5 9.817661831349645E-4 8.181384859458037E-5 
1.9510443940641424E-5 1.9510443940641424E-5 6.243342061005256E-5 3.121671030502628E-5 1.9510443940641424E-5 1.9510443940641424E-5 1.9510443940641424E-5 2.341253272876971E-5 2.7314621516897995E-5 0.942967070272717 3.121671030502628E-5 2.341253272876971E-5 0.05665442711483457 2.7314621516897995E-5 5.462924303379599E-5 
1.3675323682845112E-4 0.00891309331799552 2.2926277938887393E-4 0.8344561846651356 0.009854277359697213 0.018819658680009493 0.026976587041424166 1.2066462073098627E-4 0.0041790180313164916 2.654621656081698E-4 0.01034498015066989 7.642092646295797E-4 8.84873885360566E-5 0.0847387409853473 1.1262031268225386E-4 
5.532752608757189E-4 2.144477755332244E-5 4.288955510664488E-5 0.9835561445721124 2.144477755332244E-5 2.144477755332244E-5 9.04969612750207E-4 0.0037056575612141175 0.0048550976380722 4.717851061730937E-5 0.0056957329181624395 1.372465763412636E-4 2.2731464206521786E-4 1.501134428732571E-4 6.004537714930283E-5 
0.794073660234647 3.86780695345739E-5 0.05509046370707809 4.297563281619322E-5 3.4380506252954576E-5 3.4380506252954576E-5 2.5785379689715932E-5 4.297563281619322E-5 0.15029438308479093 1.0314151875886373E-4 4.297563281619322E-5 3.4380506252954576E-5 3.4380506252954576E-5 4.727319609781254E-5 6.016588594267051E-5 
0.7951552089251588 3.873766850885801E-5 0.054443640996505 3.873766850885801E-5 3.44334831189849E-5 4.3041853898731126E-5 3.873766850885801E-5 8.608370779746225E-5 0.1497727390114147 1.291255616961934E-4 4.734603928860424E-5 3.44334831189849E-5 3.012929772911179E-5 4.734603928860424E-5 6.025859545822358E-5 
0.7957074482063389 3.4464486500691445E-5 0.0530193044205012 3.4464486500691445E-5 3.4464486500691445E-5 4.30806081258643E-5 2.5848364875518584E-5 7.754509462655575E-5 0.1506485785553349 6.462091218879645E-5 3.877254731327788E-5 5.169672975103717E-5 4.7388668938450735E-5 1.3785794600276578E-4 3.4464486500691445E-5 
2.1647926778052465E-5 0.813381882417121 2.1647926778052465E-5 3.463668284488395E-5 3.463668284488395E-5 4.329585355610493E-5 0.18627175075443025 2.597751213366296E-5 2.597751213366296E-5 2.1647926778052465E-5 2.1647926778052465E-5 2.1647926778052465E-5 2.1647926778052465E-5 2.597751213366296E-5 2.597751213366296E-5 
0.2252927584939348 6.126485672775647E-5 0.1278422517460484 8.314516270195523E-5 7.439304031227572E-5 1.0940152987099371E-4 1.531621418193912E-4 0.004104745400759684 0.09454480211451277 0.004117873584344203 3.500848955871799E-5 3.588370179768594E-4 9.40853156890546E-4 8.270755658247125E-4 0.541454427698717 
6.777455472117548E-5 0.02905269245714389 3.614642918462692E-5 5.873794742501875E-5 2.7109821888470192E-5 6.777455472117548E-5 0.9703373365503656 4.066473283270529E-5 3.162812553654856E-5 4.066473283270529E-5 5.4219643776940384E-5 5.4219643776940384E-5 4.066473283270529E-5 5.4219643776940384E-5 3.614642918462692E-5 
2.740364194401436E-5 2.374982301814578E-4 6.394183120270018E-5 4.5672736573357265E-5 2.740364194401436E-5 3.197091560135009E-5 0.9992601016675116 3.653818925868581E-5 3.653818925868581E-5 4.110546291602154E-5 2.740364194401436E-5 2.2836368286678633E-5 2.2836368286678633E-5 6.85091048600359E-5 5.0240010230692995E-5 
0.002120836639889364 1.1601950984077482E-4 0.50987326028745 1.0673794905351284E-4 7.889326669172688E-5 8.353404708535787E-5 5.5689364723571916E-5 1.5314575298982277E-4 0.48655333880945417 1.7634965495797773E-4 1.0673794905351284E-4 2.1811667850065667E-4 6.96117059044649E-5 6.96117059044649E-5 2.1811667850065667E-4 
5.593388614657475E-5 1.911074443341304E-4 2.3305785894406147E-5 3.356033168794485E-4 1.3983471536643688E-4 3.961983602049045E-4 0.9980796032423009 1.8644628715524917E-4 8.390082921986212E-5 1.2119008665091196E-4 5.127272896769352E-5 7.457851486209967E-5 7.457851486209967E-5 1.4915702972419933E-4 3.7289257431049833E-5 
2.8107257293833266E-5 2.3422714411527722E-5 2.8107257293833266E-5 2.8107257293833266E-5 2.3422714411527722E-5 2.3422714411527722E-5 3.2791800176138814E-5 0.9995877602263571 4.6845428823055444E-5 2.3422714411527722E-5 2.8107257293833266E-5 4.21608859407499E-5 2.3422714411527722E-5 2.3422714411527722E-5 3.7476343058444355E-5 
6.659056316590563E-5 2.8538812785388127E-5 0.6894977168949772 3.3295281582952815E-5 2.8538812785388127E-5 4.280821917808219E-5 2.378234398782344E-5 2.378234398782344E-5 0.3099172374429224 9.988584474885845E-5 2.8538812785388127E-5 4.280821917808219E-5 4.280821917808219E-5 6.659056316590563E-5 5.7077625570776254E-5 
0.014955038863897143 2.88058533494006E-5 0.002669342410377789 4.800975558233433E-5 3.360682890763403E-5 3.360682890763403E-5 8.161658448996836E-5 2.2564585123697136E-4 0.004311276051293623 6.241268225703462E-5 4.32087800241009E-5 5.76117066988012E-5 8.64175600482018E-5 4.800975558233433E-5 0.9773153904873471 
3.2222227565875216E-4 3.606965772299465E-4 0.4053219577648354 8.656717853518715E-5 3.799337280155436E-4 0.008647099278125916 6.733002774959001E-5 6.733002774959001E-5 0.5843428829756024 3.847430157119429E-5 5.290216466039215E-5 1.9237150785597146E-4 4.3283589267593575E-5 3.366501387479501E-5 4.3283589267593575E-5 
0.48968034231059654 2.9042188619334352E-5 0.23099672791341555 3.8722918159112473E-5 2.9042188619334352E-5 2.9042188619334352E-5 3.3882553389223414E-5 3.3882553389223414E-5 0.27891149877054733 3.3882553389223414E-5 3.3882553389223414E-5 2.4201823849445293E-5 3.8722918159112473E-5 4.8403647698890585E-5 3.8722918159112473E-5 
5.652029858309458E-4 2.4362197665126974E-5 0.0024557095246447993 4.385195579722856E-5 3.3132588824572685E-4 1.120661092595841E-4 1.5104562552378724E-4 6.28544699760276E-4 0.009165058761620768 0.07812956791206221 0.9052407959617221 9.74487906605079E-5 0.0024703268432438755 1.120661092595841E-4 4.726266347034633E-4 
2.449599490483306E-5 0.477622908654435 2.939519388579967E-5 2.939519388579967E-5 2.449599490483306E-5 4.899198980966612E-5 0.5219949538250496 2.939519388579967E-5 2.449599490483306E-5 2.449599490483306E-5 2.449599490483306E-5 2.939519388579967E-5 3.429439286676629E-5 3.429439286676629E-5 2.449599490483306E-5 
0.043707069014792405 0.0010988361206650176 3.9420129889327987E-4 0.014176464211449576 0.007760838071961447 0.016418484098905107 0.00992401769963832 0.04852125237752659 0.5521922519734702 0.28280493934227513 0.0010052133121778637 0.0018527461047984153 5.568093346867578E-4 0.008278227276758877 0.011308649762000966 
2.7218989610563023E-4 3.081395050252417E-5 0.0032200578275137764 4.1085267336698904E-5 2.6705423768854286E-4 1.2839146042718406E-4 1.7461238618097033E-4 4.827518912062121E-4 0.010091568789576668 0.08568332503068556 0.8964599906531017 1.2839146042718406E-4 0.002465116040201934 1.386627772613588E-4 4.159883317840764E-4 
6.210022977085015E-5 3.1050114885425076E-5 0.7846001780206586 4.6575172328137614E-5 8.797532550870438E-5 4.6575172328137614E-5 7.245026806599185E-5 4.1400153180566765E-5 0.20910699869589516 0.005112918917799996 1.1902544039412945E-4 1.0350038295141692E-4 4.03651493510526E-4 6.210022977085015E-5 1.0350038295141692E-4 
5.708443826318002E-5 2.5947471937809098E-5 0.001037898877512364 3.113696632537092E-5 2.5947471937809098E-5 4.151595510049456E-5 1.816323035646637E-4 0.9961442056700416 0.002127692698900346 6.746342703830366E-5 4.151595510049456E-5 6.227393265074184E-5 3.632646071293274E-5 4.151595510049456E-5 7.78424158134273E-5 
0.018808059836567383 2.6617690116851658E-5 0.8823125449173521 4.258830418696265E-5 2.6617690116851658E-5 3.194122814022199E-5 1.0114722244403631E-4 4.258830418696265E-5 3.194122814022199E-5 0.01972903191461045 1.0114722244403631E-4 0.006382922090021028 0.004913625595570816 6.388245628044398E-5 0.06738534429982167 
8.466992127840864E-4 3.2153134662686826E-5 0.005541056873536362 1.0181825976517494E-4 8.038283665671706E-5 7.502398087960259E-5 4.287084621691576E-5 0.9891536759071203 5.894741354825918E-5 4.7693816416318787E-4 6.430626932537365E-5 2.465073657472656E-4 1.0181825976517494E-4 2.786605004099525E-4 0.0028991409754189285 
7.511737089201878E-5 4.0778001341381623E-4 9.282360831656606E-4 7.511737089201878E-5 0.16011267605633803 0.49369818913480884 7.511737089201878E-5 7.404426559356137E-4 0.07640509725016767 0.06663447350771294 9.121395036887994E-5 1.3950368879946345E-4 1.2877263581488932E-4 1.8779342723004695E-4 0.20030046948356808 
0.004289607646037488 0.050378700324139526 2.150179271196736E-4 0.9289096978460579 4.1390950970537167E-4 0.0015373781789056662 4.192849578833635E-4 2.042670307636899E-4 4.945412323752493E-4 1.075089635598368E-4 0.006321527057318404 4.1390950970537167E-4 7.740645376308249E-4 0.004450871091377244 0.0010697141874203761 
0.020262670281960302 2.7169040335157283E-5 0.8824830329343107 3.2602848402188737E-5 2.7169040335157283E-5 3.2602848402188737E-5 4.8904272603283105E-5 1.249775855417235E-4 3.2602848402188737E-5 0.017773986187259894 4.8904272603283105E-5 0.006531437296571811 0.005172985279813946 4.8904272603283105E-5 0.0673520509908549 
2.7198302825903665E-5 5.439660565180733E-5 3.2637963391084396E-5 2.7198302825903665E-5 3.2637963391084396E-5 0.9995539478336551 2.7198302825903665E-5 2.7198302825903665E-5 2.7198302825903665E-5 2.7198302825903665E-5 2.7198302825903665E-5 3.2637963391084396E-5 4.89569450866266E-5 2.7198302825903665E-5 2.7198302825903665E-5 
8.273625337150233E-5 6.618900269720186E-5 0.0015223470620356427 3.8610251573367754E-5 1.3789375561917055E-4 7.170475292196869E-5 2.757875112383411E-5 0.9967677703682867 4.4126001798134576E-5 1.9305125786683877E-4 8.825200359626915E-5 8.825200359626915E-5 1.1031500449533644E-4 5.515750224766822E-5 7.060160287701532E-4 
0.020144155923301515 2.770098449298888E-5 0.8828746973667444 4.432157518878221E-5 2.770098449298888E-5 2.770098449298888E-5 2.770098449298888E-5 4.432157518878221E-5 4.986177208737999E-5 0.016188455337702704 1.2188433176915108E-4 0.005955711665992609 0.005972332256688403 8.864315037756442E-5 0.06840481110698675 
1.2214147313720374E-4 7.772639199640237E-5 0.001898744718769258 2.7759425713000848E-5 8.327827713900255E-5 1.7766032456320544E-4 3.8863195998201187E-5 0.9965855906373009 6.662262171120204E-5 2.3317917598920715E-4 3.8863195998201187E-5 7.772639199640237E-5 1.832122097058056E-4 8.327827713900255E-5 3.0535368284300937E-4 
1.55530497864233E-4 8.887457020813313E-5 0.00148864905098623 5.554660638008321E-5 8.331990957012482E-5 9.998389148414977E-5 6.665592765609985E-5 0.9966283209927289 3.888262446605825E-5 4.49927511678674E-4 2.7773303190041605E-5 8.331990957012482E-5 1.7219447977825795E-4 4.4437285104066564E-5 5.165834393347739E-4 
7.777475320404207E-5 4.4442716116595465E-5 0.0015277183665079691 3.33320370874466E-5 6.110873466031877E-5 9.999611126233979E-5 4.9998055631169896E-5 0.9965556895009638 3.33320370874466E-5 3.110990128161683E-4 4.4442716116595465E-5 7.777475320404207E-5 1.833262039809563E-4 2.7776697572872167E-5 8.72188303788186E-4 
9.532086685917743E-5 7.849953741344024E-5 0.0018615604586615828 3.364265889147439E-5 5.0463988337211586E-5 1.0092797667442317E-4 3.364265889147439E-5 0.9965684487930696 3.364265889147439E-5 2.691412711317951E-4 6.167820796770305E-5 4.485687852196585E-5 1.5139196501163474E-4 3.364265889147439E-5 5.831394207855561E-4 
6.17017338187203E-5 3.9264739702822014E-5 0.0018342242689746854 2.8046242644872865E-5 1.6266820734026262E-4 1.1779421910846603E-4 4.487398823179659E-5 0.9965559214032096 3.9264739702822014E-5 2.972901720356524E-4 3.365549117384744E-5 9.535722499256775E-5 1.5144971028231347E-4 6.17017338187203E-5 4.7678612496283873E-4 
0.018870677223322654 2.805631463473484E-5 0.8828256075594935 2.805631463473484E-5 2.805631463473484E-5 3.366757756168181E-5 4.4890103415575744E-5 4.4890103415575744E-5 2.805631463473484E-5 0.01870795059844119 8.978020683115149E-5 0.006290225741107551 0.0047639622249779755 7.294641805031059E-5 0.06814317698484398 
0.18763361857838476 0.015725934249575014 0.08673754574005244 0.13885383352061545 0.05586192987005503 0.06334745152274757 0.04488431728469761 0.05731984902181116 0.14547497622957906 0.07659549946696632 0.019022099288328004 0.018053994871351602 0.006102515342726251 0.0801336906099634 0.004252744403146339 
0.9992486634879353 4.045658141887011E-5 6.93541395752059E-5 4.045658141887011E-5 3.467706978760295E-5 2.889755815633579E-5 2.889755815633579E-5 4.6236093050137266E-5 8.091316283774022E-5 5.2015604681404424E-5 6.357462794393873E-5 4.045658141887011E-5 5.2015604681404424E-5 4.045658141887011E-5 1.3292876751914463E-4 
4.635907420928804E-5 5.2153958485449043E-5 3.476930565696603E-5 8.112837986625407E-5 3.187186351888553E-4 3.2451351946501626E-4 4.635907420928804E-5 7.533349559009307E-5 0.998557073815236 2.8974421380805026E-5 1.158976855232201E-4 1.0430791697089809E-4 5.794884276161005E-5 1.101028012470591E-4 4.635907420928804E-5 
2.0922082677096712E-4 6.392858595779551E-5 0.001633084786740049 6.392858595779551E-5 9.298703412042984E-5 6.974027559032238E-5 3.487013779516119E-5 0.9968616875984355 5.230520669274178E-5 2.789611023612895E-4 4.068182742768805E-5 4.068182742768805E-5 9.298703412042984E-5 4.649351706021492E-5 4.1844165354193425E-4 
3.4965034965034965E-5 5.244755244755245E-5 2.9137529137529138E-5 0.9992890442890443 4.662004662004662E-5 7.575757575757576E-5 3.4965034965034965E-5 2.9137529137529138E-5 2.9137529137529138E-5 4.079254079254079E-5 1.1655011655011655E-4 2.9137529137529138E-5 5.244755244755245E-5 9.906759906759907E-5 4.079254079254079E-5 
2.932516920622632E-5 4.105523688871685E-4 2.932516920622632E-5 4.1055236888716846E-5 0.012410411608074979 0.011196349602937208 0.9755604039835309 2.932516920622632E-5 2.932516920622632E-5 2.932516920622632E-5 3.5190203047471584E-5 3.5190203047471584E-5 6.45153722536979E-5 6.45153722536979E-5 3.5190203047471584E-5 
1.0014491558372703E-4 0.0023445692001366684 4.123614171094643E-5 0.5689114836763788 0.0012959930252011735 0.0034932902906558904 0.03192266456165981 4.712701909822449E-5 5.301789648550255E-5 5.8908773872780615E-5 0.036116969261401795 0.052634989455329476 8.247228342189285E-5 0.3028028794608669 9.425403819644898E-5 
3.595527164207726E-5 2.9962726368397714E-5 2.9962726368397714E-5 8.38956338315136E-5 3.595527164207726E-5 3.595527164207726E-5 2.9962726368397714E-5 4.19478169157568E-5 2.9962726368397714E-5 3.595527164207726E-5 0.9994486858348215 2.9962726368397714E-5 3.595527164207726E-5 6.591799801047497E-5 2.9962726368397714E-5 
5.090463048144741E-4 4.9064704078503524E-5 0.0034345292854952468 1.2879484820607176E-4 3.679852805887764E-4 1.4719411223551059E-4 3.1278748850046E-4 0.0010732904017172647 0.012560564244096902 0.10242870285188592 0.8748666053357865 8.586323213738118E-5 0.003287335173259736 2.0239190432382704E-4 5.458448328733517E-4 
3.713675610435428E-5 0.004827778293566057 3.713675610435428E-5 4.951567480580571E-5 0.0177637483365828 0.9769999690527033 3.094729675362857E-5 3.094729675362857E-5 3.094729675362857E-5 3.094729675362857E-5 3.094729675362857E-5 3.094729675362857E-5 3.713675610435428E-5 3.094729675362857E-5 3.094729675362857E-5 
3.4664666620447113E-4 1.1975066650699911E-4 0.006037954658616061 5.042133326610489E-5 0.08684444388420741 0.04574475460567366 1.1975066650699911E-4 0.003649243995134341 1.3865866648178843E-4 0.004115641327845812 0.8034702482620397 0.04846120393538506 4.916079993445226E-4 1.5126399979831467E-4 2.5840933298878756E-4 
0.006174575577827777 0.0033813151973818775 0.0026398547760278176 0.9362088361628145 0.011761096338719575 0.003074503988545715 1.6618940478625485E-4 6.200143178564123E-4 6.519738187768459E-4 5.433115156473717E-4 0.0015532317447330742 0.0036497750051135204 8.245551237471876E-4 0.028239415013295154 5.113520147269381E-4 
7.167524597641233E-5 3.909558871440672E-5 0.7813970157033948 5.2127451619208967E-5 1.3031862904802242E-4 5.8643383071610085E-5 6.515931452401121E-5 4.561152016680785E-5 0.21256271584022937 0.004222323581155926 9.773897178601681E-5 5.2127451619208967E-5 8.210073630025412E-4 6.515931452401121E-5 3.192806411676549E-4 
0.08321508673959811 3.269491071019885E-5 0.0036552910174002316 5.885083927835793E-5 3.923389285223862E-5 5.231185713631816E-5 5.885083927835793E-5 1.6347455355099425E-4 0.03895925560227295 1.0462371427263632E-4 6.53898214203977E-5 4.577287499427839E-5 1.307796428407954E-4 7.846778570447723E-5 0.8733399159086896 
0.11431530311479328 4.646963541251759E-5 0.3659749329509546 0.006718181576781114 3.319259672322685E-5 3.9831116067872224E-5 0.012221514113492126 1.593244642714889E-4 0.16936854403993734 0.2697230409729414 0.0012414031174486843 0.02896385990068775 7.966223213574445E-5 0.006592049709232853 0.02452269045912 
3.367502256226512E-5 8.351405595441749E-4 3.367502256226512E-5 3.367502256226512E-5 6.061504061207721E-5 0.9986664691065343 4.714503158717116E-5 4.041002707471814E-5 3.367502256226512E-5 3.367502256226512E-5 4.041002707471814E-5 3.367502256226512E-5 3.367502256226512E-5 3.367502256226512E-5 4.041002707471814E-5 
3.416724181523722E-5 1.4350241562399634E-4 4.783413854133211E-5 4.100069017828467E-5 1.5033586398704378E-4 0.9992278203349756 6.1501035267427E-5 3.416724181523722E-5 3.416724181523722E-5 3.416724181523722E-5 3.416724181523722E-5 3.416724181523722E-5 4.100069017828467E-5 4.783413854133211E-5 3.416724181523722E-5 
2.679233876507928E-4 0.018314967986590092 2.1296474403011733E-4 0.9676499683987799 9.617762633618203E-5 1.0304745678876646E-4 0.012042812783380506 1.1678711769393532E-4 2.4044406584045505E-4 2.747932181033772E-4 4.8088813168091013E-5 1.786155917671952E-4 6.86983045258443E-5 2.3357423538787064E-4 1.5113626995685747E-4 
0.2579085990888383 0.010962414578587699 0.12200313211845103 0.08846099088838269 0.07717824601366742 0.07697892938496582 0.0208499430523918 0.04208428246013667 0.1498861047835991 0.0433371298405467 0.01443621867881549 0.023789863325740318 0.008784168564920274 0.05848519362186788 0.004854783599088838 
4.498554036202649E-4 0.03517440822592738 1.2138955335784926E-4 0.9595987004177229 1.7137348709343425E-4 2.1421685886679283E-4 9.282730550894355E-5 5.7124495697811415E-5 4.998393373558499E-5 4.998393373558499E-5 0.0018422649862544181 4.998393373558499E-5 1.0710842943339641E-4 0.0013281445249741155 6.926345103359634E-4 
7.267230603761519E-4 5.087061422633063E-5 4.360338362256911E-5 2.1801691811284556E-4 6.540507543385366E-5 3.633615301880759E-5 0.9981759251184559 2.1801691811284556E-4 1.235429202639458E-4 5.087061422633063E-5 5.813784483009215E-5 6.540507543385366E-5 4.360338362256911E-5 7.99395366413767E-5 4.360338362256911E-5 
0.8450608832439991 5.097879282218597E-5 0.07445088557445817 1.0924027033325565E-4 3.641342344441855E-5 4.369610813330226E-5 5.8261477511069683E-5 4.369610813330226E-4 0.07914821719878816 1.3108832439990677E-4 5.097879282218597E-5 7.28268468888371E-5 1.383710090887905E-4 5.8261477511069683E-5 1.529363784665579E-4 
7.316573502297404E-5 3.658286751148702E-5 8.779888202756885E-5 5.8532588018379236E-5 3.658286751148702E-5 4.3899441013784425E-5 0.9946223184758114 0.004053381720272762 4.3899441013784426E-4 7.316573502297404E-5 4.3899441013784425E-5 9.511545552986626E-5 5.8532588018379236E-5 6.584916152067663E-5 2.1218063156662473E-4 
0.0684676572114663 2.626444544499475E-4 0.21560858472159689 0.007218970433738556 0.0013207263995197358 0.0022887588173495423 0.0027765270898994446 0.013237280504277353 0.6392690980039022 0.008036920306168392 4.2773525438991446E-4 0.010423232778027916 0.0018460153084196309 0.002754014708089449 0.02606183400870479 
3.766166268708431E-5 0.005671846400674897 3.766166268708431E-5 3.766166268708431E-5 0.030566205436837624 0.01593088331663666 5.272632776191803E-5 3.766166268708431E-5 3.766166268708431E-5 4.519399522450117E-5 3.766166268708431E-5 9.038799044900234E-5 7.532332537416862E-5 5.272632776191803E-5 0.9472887369031568 
3.793051130329237E-5 3.793051130329237E-5 3.793051130329237E-5 4.551661356395084E-5 3.793051130329237E-5 4.551661356395084E-5 3.793051130329237E-5 5.310271582460932E-5 6.068881808526779E-5 3.793051130329237E-5 3.793051130329237E-5 4.551661356395084E-5 0.999400697921408 4.551661356395084E-5 3.793051130329237E-5 
3.82184105727411E-5 3.82184105727411E-5 1.3758627806186797E-4 6.114945691638576E-5 5.350577480183754E-5 3.82184105727411E-5 5.350577480183754E-5 0.9990445397356815 1.834483707491573E-4 5.350577480183754E-5 6.114945691638576E-5 7.64368211454822E-5 4.5862092687289324E-5 3.82184105727411E-5 7.64368211454822E-5 
9.323212468242807E-5 0.005741545011692863 0.040571512924303284 2.4861899915314155E-4 0.019097046872450684 0.8396562842336708 5.516234043710328E-4 0.0028668878339846633 0.03596429209624663 0.05427663525262021 2.020029368119275E-4 1.165401558530351E-4 2.0977228053546316E-4 1.6315621819424912E-4 2.4084965542960586E-4 
2.903213150770921E-4 6.277217623288477E-5 0.08777904193966024 5.4925654203774175E-5 4.707913217466358E-5 5.4925654203774175E-5 3.9232610145552985E-5 1.1769783043665895E-4 0.910675193220605 3.923261014555298E-4 6.277217623288477E-5 3.9232610145552985E-5 7.061869826199536E-5 7.061869826199536E-5 2.4324218290242849E-4 
4.043737060041408E-5 1.536620082815735E-4 4.043737060041408E-5 4.043737060041408E-5 0.09687985248447205 5.984730848861284E-4 4.852484472049689E-5 4.043737060041408E-5 4.043737060041408E-5 4.852484472049689E-5 4.043737060041408E-5 0.9018746765010351 6.469979296066253E-5 4.852484472049689E-5 4.043737060041408E-5 
8.161666285788906E-5 1.6323332571577812E-4 0.001477261597727792 5.7131664000522344E-5 7.345499657210016E-5 1.7955665828735595E-4 5.7131664000522344E-5 0.9968251118148281 8.977832914367798E-5 1.7955665828735595E-4 6.529333028631125E-5 8.161666285788906E-5 1.9587999085893376E-4 9.793999542946688E-5 3.754366491462897E-4 
0.9970408836135839 1.3188262446422685E-4 2.3903725684141114E-4 2.8025057698648204E-4 8.242664029014178E-5 9.891196834817012E-5 9.891196834817012E-5 1.7309594460929772E-4 0.001022090339597758 7.41839762611276E-5 1.1539729640619849E-4 4.945598417408506E-5 9.891196834817012E-5 1.483679525222552E-4 3.4619188921859544E-4 
0.9966145186656734 3.062660375796706E-4 1.572717490273984E-4 2.4004635377866072E-4 9.105206522638855E-5 1.0760698617664101E-4 9.932952570151477E-5 1.6554920950252462E-4 0.0014982203459978478 1.0760698617664101E-4 9.932952570151477E-5 7.449714427613608E-5 5.794222332588362E-5 9.932952570151477E-5 2.8143365615429186E-4 
0.00703417563510003 9.362032320097163E-4 0.004259302992476637 0.09114908403900003 3.879761141661887E-4 0.001543470193313316 0.027377618838770622 0.6751712155460342 0.010188590128538174 3.2893627070611654E-4 0.11542289396444115 0.05879524982288047 0.003668904557875915 0.0030447690698694376 6.916095948179886E-4 
1.5364261021723357E-4 0.010891553924288335 0.27287781144637446 9.389270624386496E-5 0.019205326277154197 0.12219708932610644 2.9874951986684305E-4 1.4510690964960948E-4 0.5734283641329863 2.133925141906022E-4 1.1096410737911315E-4 7.682130510861679E-5 1.0242840681148905E-4 1.1096410737911315E-4 9.389270624386496E-5 
