2.467142838392572E-7 0.9999922531714874 2.467142838392572E-7 2.960571406071086E-7 2.960571406071086E-7 2.960571406071086E-7 3.0099142628389375E-6 5.427714244463657E-7 2.467142838392572E-7 2.467142838392572E-7 1.1842285624284344E-6 6.414571379820686E-7 2.467142838392572E-7 2.467142838392572E-7 
1.1784673730345289E-5 0.0022251108375970557 0.9642318708553234 2.0280601303384914E-5 2.576184489889435E-5 4.110932696632077E-6 5.146887736183361E-4 4.1109326966320774E-5 1.1784673730345289E-5 0.0048106134415988565 0.028079862815435293 6.303430134835852E-6 3.836870516856605E-6 1.2880922449447175E-5 
2.0981841055839813E-6 2.0981841055839813E-6 2.0981841055839813E-6 2.0981841055839813E-6 2.0981841055839813E-6 2.0981841055839813E-6 0.999971045059343 2.937457747817574E-6 2.0981841055839813E-6 2.0981841055839813E-6 2.0981841055839813E-6 2.5178209267007776E-6 2.0981841055839813E-6 2.5178209267007776E-6 
1.6118472531485238E-4 0.0023034762563177084 0.0017484146749607442 1.1195011830958839E-4 5.2751364648497145E-5 0.9839852718189901 0.0017683429682723987 0.0022014902846639473 5.7440374839474664E-5 1.1488074967894933E-4 0.006241658690464957 6.289134918648604E-4 4.378363265825263E-4 1.8638815509135656E-4 
6.761553805064403E-5 3.1894121722001903E-6 0.9995783597108351 5.6133654230723354E-5 1.722282572988103E-5 8.930354082160533E-6 5.740941909960343E-6 1.4671295992120876E-5 9.568236516600571E-6 1.8371014111873097E-4 3.827294606640229E-6 3.827294606640229E-6 1.4671295992120876E-5 3.253200415644194E-5 
0.010438560120495495 0.014549674775421574 0.4825860186952874 0.004241295612966805 0.0029375333181889487 5.747489297497987E-4 0.0015999239743205043 3.684121112552504E-4 0.022736104321812535 0.4113119441679907 0.0432675941192054 0.001053814855339665 0.0016747780251939208 0.0026595969727720016 
0.03265817583034533 6.221982989387902E-5 0.7890400493128327 0.0604581405242093 4.9197074799811314E-5 5.353799316450055E-5 7.234863941148722E-6 1.591670067052719E-5 6.149634349976414E-5 0.030241007787607545 6.656074825856825E-5 1.4469727882297445E-5 7.958350335263596E-6 0.08726403491255944 
0.033173870907494636 6.10300400151178E-5 0.7522224493487433 0.07458091480353474 1.0294223617007822E-4 7.426547037984214E-5 1.3235430364724343E-5 1.2500128677795213E-5 3.507389046651951E-4 0.04188057818242247 1.9117843860157383E-5 1.3970732051653473E-5 1.9117843860157383E-5 0.09747526812776014 
7.586614480874525E-6 1.3655906065574144E-5 6.069291584699619E-6 8.345275928961976E-6 9.862598825136882E-6 0.9997959200704645 6.448622308743346E-5 3.262244226776045E-5 5.310630136612167E-6 7.586614480874525E-6 9.862598825136882E-6 2.2001181994536122E-5 9.862598825136882E-6 6.827953032787072E-6 
1.5995677023245946E-4 2.0719788890214956E-5 0.9979164180292 7.956398933842543E-5 2.4863746668257946E-5 1.740462266778056E-5 6.630332444868786E-6 1.6575831112171963E-5 1.6824468578854543E-4 0.0014835368845393909 9.11670711169458E-6 1.823341422338916E-5 1.4918248000954767E-5 6.381694978186206E-5 
3.558186963921527E-4 1.1571339720070007E-5 0.9957861037852745 1.0317777917062423E-4 5.882097691035587E-5 1.735700958010501E-5 8.678504790052505E-6 2.4106957750145846E-5 2.024984451012251E-5 0.003505151656871206 1.542845296009334E-5 8.678504790052505E-6 1.3499896340081675E-5 7.13565949404317E-5 
3.3634294317881675E-5 2.2752610862096426E-5 2.8688074565252014E-5 0.983652743717559 2.9677318515777946E-5 0.014298532060901814 1.286017135683711E-5 3.3634294317881675E-5 8.764701401659754E-4 1.780639110946677E-5 3.561278221893354E-5 4.0559001971563194E-5 6.835675698134187E-4 2.3346157232411984E-4 
2.9148428656791828E-5 0.005461686819566368 0.9549790374217243 1.943228577119455E-5 3.0362946517491485E-5 2.429035721399319E-5 0.0018497107018455813 1.8339219696564857E-4 1.3359696467696254E-5 0.001362689039705018 0.03593393994452082 4.615167870658706E-5 3.522101796029012E-5 3.1577464378191146E-5 
0.006961816208052108 4.195444795812946E-4 0.7106126398263086 0.010656429781364883 6.843819323169868E-4 5.768736594242801E-5 6.29316719371942E-5 4.064337145943791E-5 0.0013399201816627596 0.24407262314941552 7.014259267999769E-4 3.474352721532596E-4 7.342028392672656E-5 0.023969100549078838 
6.5980730987322464E-6 2.6392292394928986E-5 6.5980730987322464E-6 7.917687718478696E-6 6.5980730987322464E-6 1.0556916957971594E-5 0.9996648178865845 3.826882397264703E-5 6.5980730987322464E-6 1.3196146197464493E-5 1.7023028594729194E-4 1.979421929619674E-5 6.5980730987322464E-6 1.583537543695739E-5 
0.0017924267409584875 1.3168849525409295E-5 0.0071506852922972475 2.955675115702975E-4 6.101566946772974E-4 1.5363657779644179E-4 2.633769905081859E-5 1.463205502823255E-5 9.657156318633483E-5 0.0028956836900872218 1.6095260531055806E-5 2.7800904553641847E-5 6.145463111857671E-5 0.986845782529619 
0.004811228592071421 0.0014971891008547678 0.10752198894559072 0.0019147058871497793 0.006641126382005026 7.143451265516212E-4 5.382052323334133E-5 2.707335411131715E-4 0.009767609504378218 0.8621118194761795 3.555416383293457E-4 0.0010649939900415724 6.703101529970692E-4 0.0026045871395044273 
8.200472019169423E-6 1.623693459795546E-4 9.840566423003308E-6 1.8041038442172733E-5 9.840566423003308E-6 0.07732881104636383 3.116179367284381E-5 4.461056778428166E-4 9.840566423003308E-6 8.200472019169423E-6 1.0496604184536863E-4 2.9521699269009925E-5 1.27927363499043E-4 0.921705173349778 
2.299991128605647E-4 1.6428508061468905E-5 0.9977312230367111 6.735688305202252E-5 4.107127015367227E-5 2.9571314510644032E-5 1.1499955643028233E-5 1.3142806449175125E-5 1.905706935130393E-4 0.0015048513384305518 2.2999911286056467E-5 3.614271773523159E-5 2.4642762092203358E-5 8.049968950119764E-5 
0.1504135287789134 0.009670857988165681 0.4797286847767617 0.02116729424421732 0.0460529854760624 2.9417697686928457E-4 9.027030661646046E-4 2.3870360408821946E-4 3.160301237224314E-4 0.15149105701990317 0.02409225389994621 0.002178590640129102 1.7650618612157073E-4 0.11327662721893492 
0.0016811692151727634 6.927430936892794E-5 0.9359972966123173 2.0613331080510266E-4 9.309791332263243E-4 7.941201317901496E-5 3.3792346033623384E-5 1.6896173016811692E-5 6.505026611472502E-4 0.05962152572442342 1.3854861873785588E-4 4.0550815240348064E-5 5.913660555884092E-5 4.7478246177240854E-4 
1.1844351682490157E-5 0.0016565171853082663 2.030460288426884E-5 1.015230144213442E-5 8.460251201778683E-6 3.7225105287826204E-5 5.533004285963259E-4 0.996218267712805 2.030460288426884E-5 2.7072803845691787E-5 0.0013519481420442335 4.060920576853768E-5 2.7072803845691787E-5 1.6920502403557366E-5 
4.4610915604726695E-5 1.2010631124349496E-5 0.9986805463807679 5.833735117541184E-5 3.26002844803772E-5 3.4316088926712844E-5 2.2305457802363348E-5 2.7452871141370277E-5 4.632672005106234E-5 7.909858497607311E-4 3.946350226571977E-5 1.8873848909692064E-5 4.8042524497397986E-5 1.4412757349219394E-4 
1.7308314741318583E-5 0.0147449533281293 4.327078685329645E-5 1.903914621545044E-5 1.3846651793054866E-5 2.7866386733522915E-4 0.015239971129731012 7.044484099716663E-4 0.9268290994310757 2.07699776895823E-5 0.04199170239391301 2.942413506024159E-5 2.2500809163714156E-5 4.500161832742831E-5 
2.2533453511752064E-5 8.666712889135408E-6 8.666712889135408E-6 1.2133398044789572E-5 1.2133398044789572E-5 1.90667683560979E-5 1.040005546696249E-5 1.2133398044789572E-5 8.666712889135408E-6 8.666712889135408E-6 1.5600083200443737E-5 1.2133398044789572E-5 0.9998405324828399 8.666712889135408E-6 
8.873460898207206E-6 8.873460898207206E-6 1.0648153077848647E-5 8.873460898207206E-6 8.873460898207206E-6 8.873460898207206E-6 8.873460898207206E-6 8.873460898207206E-6 8.873460898207206E-6 8.873460898207206E-6 1.0648153077848647E-5 0.999881095623964 8.873460898207206E-6 8.873460898207206E-6 
0.9891154158160764 1.0697380033340168E-5 0.005703486454442533 4.992110682225412E-5 8.379614359449798E-5 3.3875036772243863E-5 1.7828966722233612E-5 3.0309243427797143E-5 2.496055341112706E-5 1.8720415058345294E-4 2.1394760066680335E-5 1.9611863394456975E-5 1.426317337778689E-5 0.004687235351275217 
8.991137034493445E-5 3.4434141834230215E-5 1.4730160673531815E-4 0.9990128879340854 9.182437822461391E-5 2.4869102435832933E-5 1.7217070917115108E-5 2.104308667647402E-5 8.991137034493445E-5 3.386023947032638E-4 6.312926002942206E-5 2.2956094556153477E-5 1.7217070917115108E-5 2.8695118195191846E-5 
0.9767978133502893 1.8579916349087728E-5 2.4773221798783636E-5 0.02296477660747243 2.4773221798783636E-5 1.2386610899391818E-5 1.651548119918909E-5 1.8579916349087728E-5 1.4451046049290453E-5 3.303096239837818E-5 2.4773221798783636E-5 1.032217574949318E-5 1.651548119918909E-5 2.2708786648885E-5 
5.4284735967395754E-5 0.011046943769365035 0.9638129598543499 7.933922949080918E-5 2.2966619063128972E-5 4.80211125865424E-5 0.0010334978578408038 1.565905845213339E-4 3.7581740285120136E-5 0.00278104878109889 0.020467433334168485 3.3197203918522786E-4 8.351497841137808E-5 4.384536366597349E-5 
0.00934997605263379 1.2603876952550605E-5 0.7911264504961726 4.264311702279621E-4 0.013788641386090362 1.9956138508205124E-4 1.680516927006747E-5 2.940904622261808E-5 0.006482594045928528 0.1173988118745326 2.520775390510121E-5 1.722529850181916E-4 5.881809244523616E-5 0.060912436665518314 
7.577732512670057E-4 1.2371808183951114E-4 0.028519227115468736 0.0034685247944291515 2.8278418706173975E-4 0.9617622757057454 4.219670291311898E-4 4.6836130982100645E-4 7.157974735000287E-4 0.0010781147131728828 6.384736723503342E-4 3.8440975428705247E-4 0.001159857017245417 2.1871589468056433E-4 
2.9185216116525344E-5 0.8411516037276257 0.07943991325255763 2.020514961913293E-5 3.592026598956965E-5 2.020514961913293E-5 6.128895384470322E-4 0.0011382234285444884 1.347009974608862E-5 1.481710972069748E-4 0.07730714745942693 4.041029923826586E-5 1.347009974608862E-5 2.9185216116525344E-5 
1.372184449033639E-5 7.089619653340468E-5 2.0582766735504586E-5 2.9730663062395515E-5 0.9888555752997651 1.1663567816785932E-4 3.201763714411824E-5 2.9730663062395515E-5 1.372184449033639E-5 0.010700751728380663 2.9730663062395515E-5 1.372184449033639E-5 1.8295792653781855E-5 5.488737796134556E-5 
1.6232964209842823E-4 2.58786385954016E-5 0.9949748389054748 7.104862596192076E-4 6.822550175151331E-5 2.3526035086728727E-5 1.8820828069382984E-5 4.7052070173457454E-5 1.646822456071011E-5 0.003681824491073046 2.1173431578055857E-5 1.4115621052037237E-5 6.352029473416756E-5 1.7174005613311972E-4 
0.002343266112603946 1.8840330553599564E-5 0.010470513705162957 3.838717350295911E-4 1.7898314025919585E-4 1.389474378327968E-4 4.710082638399891E-5 1.6014280970559627E-4 3.8151669371039114E-4 1.3188231387519693E-4 3.061553714959929E-5 4.003570242639907E-5 3.061553714959929E-5 0.9856436681181572 
3.773958741196062E-5 0.027988621514395295 0.0011486986918515514 3.0663414772218003E-5 4.2457035838455694E-5 4.2457035838455694E-5 6.179857438708551E-4 1.7218686756707033E-4 2.8304690558970465E-5 1.0142514116964416E-4 0.004840102085583949 2.8304690558970465E-5 0.9648880313615972 3.302213898546554E-5 
1.483404413128129E-5 1.2361703442734408E-5 1.2361703442734408E-5 1.2361703442734408E-5 0.9998368255145559 1.2361703442734408E-5 1.2361703442734408E-5 1.2361703442734408E-5 1.2361703442734408E-5 1.2361703442734408E-5 1.2361703442734408E-5 1.2361703442734408E-5 1.2361703442734408E-5 1.2361703442734408E-5 
2.2059570755453547E-4 1.388017935174605E-4 5.279425360574838E-4 7.931531058140601E-5 6.940089675873025E-5 0.9957615880908062 7.039233814099783E-4 0.0012566519520241515 3.9657655290703003E-5 1.1401575896077114E-4 4.511058289317467E-4 1.0410134513809539E-4 1.2640877623911585E-4 4.064909667297058E-4 
0.0025277292896286126 1.2415173328234836E-5 0.0023837132790210883 9.733495889336111E-4 1.9864277325175738E-5 1.4898207993881802E-5 1.2415173328234836E-5 1.9864277325175738E-5 0.9938967007918398 2.483034665646967E-5 1.2415173328234836E-5 4.717765864729237E-5 3.7245519984704505E-5 1.738124265952877E-5 
1.0241269317906484E-4 1.998296452274436E-5 2.7476576218773494E-5 2.997444678411654E-5 3.497018791480263E-5 0.9992606303126584 3.497018791480263E-5 1.6236158674729794E-4 5.495315243754699E-5 2.997444678411654E-5 3.7468058480145674E-5 2.497870565343045E-5 3.497018791480263E-5 1.4487649278989662E-4 
2.4980129442488927E-4 3.280219017700566E-5 0.9966365138841577 4.592306624780793E-4 6.560438035401133E-5 3.027894477877446E-5 1.513947238938723E-5 1.1102279752217303E-4 1.513947238938723E-5 0.0021699910424788364 1.2616226991156024E-5 1.2616226991156024E-5 6.308113495578013E-5 1.2616226991156025E-4 
4.171750988183515E-5 2.0858754940917576E-5 2.3466099308532272E-5 4.171750988183515E-5 3.3895476778991064E-5 0.9996375791329015 2.6073443676146972E-5 2.0858754940917576E-5 1.825141057330288E-5 2.6073443676146972E-5 3.3895476778991064E-5 2.6073443676146972E-5 2.6073443676146972E-5 2.3466099308532272E-5 
8.719078597011497E-4 4.959954890515522E-5 0.9940219491056418 4.281224221287082E-4 9.136759008844383E-5 4.698904633119968E-5 3.393653346142199E-5 1.0180960038426599E-4 1.5924065701128782E-4 0.0035737780237451314 2.062297033424875E-4 6.004155920097737E-5 5.48205540530663E-5 3.002077960048869E-4 
0.999307590865485 2.1142263649313273E-5 9.778296937807389E-5 2.642782956164159E-5 1.612097603260137E-4 1.8499480693149114E-5 1.3213914780820796E-5 2.907061251780575E-5 4.2284527298626546E-5 4.2284527298626546E-5 2.642782956164159E-5 2.1142263649313273E-5 3.699896138629823E-5 1.559241944136854E-4 
1.8918458740192805E-4 2.7026369628846867E-5 0.9965757589680251 6.567407819809788E-4 7.297119799788654E-5 3.783691748038561E-5 1.6215821777308118E-5 1.594555808101965E-4 3.783691748038561E-5 0.0020323829960892845 2.432373266596218E-5 2.432373266596218E-5 3.2431643554616236E-5 1.1351075244115684E-4 
2.4978421419273903E-4 1.9427661103879704E-5 0.9962310337458473 7.854325846282795E-4 6.660912378473042E-5 2.2203041261576804E-5 2.4978421419273904E-5 4.1630702365456505E-5 3.885532220775941E-5 0.002123165820638282 2.2203041261576804E-5 3.330456189236521E-5 3.6079942050062305E-5 3.052918173466811E-4 
2.3398654577361802E-4 4.735441997799412E-5 0.9961085808994554 0.0010083705901196395 6.12821905597571E-5 9.749439407234084E-5 1.949887881446817E-5 3.621220351258374E-5 7.520996114152008E-5 0.002086380033148094 7.242440702516749E-5 3.064109527987855E-5 3.064109527987855E-5 9.192328583963565E-5 
6.854185765569712E-5 2.284728588523237E-5 6.854185765569712E-5 0.9995801811218589 4.2838661034810696E-5 2.284728588523237E-5 2.284728588523237E-5 1.713546441392428E-5 3.427092882784856E-5 2.8559107356540465E-5 2.8559107356540465E-5 2.284728588523237E-5 2.5703196620886416E-5 1.4279553678270233E-5 
0.9906245991665648 1.7897678969332327E-5 0.0016823818231172388 2.982946494888721E-5 1.4019848525976988E-4 5.66759834028857E-5 2.0880625464221048E-5 2.386357195910977E-5 9.545428783643908E-5 1.4019848525976988E-4 2.684651845399849E-5 4.474419742333082E-5 5.66759834028857E-5 0.007039753727937382 
1.518303144405812E-5 0.12994852952340463 1.518303144405812E-5 2.125624402168137E-5 1.518303144405812E-5 2.125624402168137E-5 0.04559768003279535 4.554909433217436E-5 1.518303144405812E-5 1.518303144405812E-5 0.8241683494526517 7.287855093147897E-5 3.036606288811624E-5 1.8219637732869744E-5 
0.02552197531178498 1.7820830641645372E-4 0.10084998997578276 5.378072104353693E-4 5.378072104353693E-4 0.8244043546472589 0.0038537546262558116 0.013222419877863665 5.091665897612964E-5 0.007742514455557712 0.004891181552894453 0.003863301499813836 0.001992114282441072 0.012353654384083453 
0.9545852411623779 1.8831275260935217E-4 0.0036163023047388557 4.986800670951363E-4 2.720073093246198E-4 2.6852003612815034E-4 6.625819073292021E-5 1.3251638146584042E-4 0.0021098002838640384 2.4410912375286392E-4 0.0010392074125479063 0.03645944126908846 3.103673144857841E-4 2.092363917881691E-4 
4.980061966199608E-5 0.04843110262129119 3.5571871187140056E-5 2.1343122712284035E-5 0.0014015317247733183 2.525602854286944E-4 0.0010173555159522056 0.0010173555159522056 3.9129058305854066E-5 0.9267753031612722 0.020026963478359854 2.2410278847898236E-4 5.300208806883869E-4 1.7785935593570029E-4 
8.974979318525918E-5 2.3412989526589352E-5 6.24346387375716E-5 2.3412989526589352E-5 0.03289915244977914 1.9510824605491126E-5 1.9510824605491126E-5 2.731515444768758E-5 0.9091224811525435 2.731515444768758E-5 2.3412989526589352E-5 0.05759595423540981 3.511948428988403E-5 3.12173193687858E-5 
4.022234914607953E-5 0.014403623229211078 0.019926151766967798 0.008945450450088087 9.251140303598292E-5 0.34307652704148534 0.008635738361663274 0.06635078715137278 0.2500382112316888 1.2468928235284655E-4 0.037865319486119264 0.0035315222550257827 0.011209968707012364 0.23575927728483054 
4.71795223716717E-5 2.1445237441668953E-5 3.0023332418336537E-5 4.7608427120505076E-4 4.675061762283832E-4 1.7585094702168543E-4 2.1445237441668953E-5 3.860142739500412E-5 0.9961141229755696 1.4582761460334888E-4 3.0023332418336537E-5 4.71795223716717E-5 0.002208859456491902 1.7585094702168543E-4 
9.884607946365257E-5 2.1488278144272298E-5 0.1824956486236758 5.1571867546253516E-5 9.025076820594365E-5 3.438124503083568E-5 3.867890065969014E-5 4.2976556288544597E-5 5.5869523175107976E-5 0.7908202075767669 2.5785933773126758E-5 4.2976556288544597E-5 4.2976556288544597E-5 0.026138341534692824 
9.038983846044584E-5 2.5825668131555955E-5 0.18059459296594885 5.165133626311191E-5 6.025989230696389E-5 7.317272637274187E-5 3.4434224175407935E-5 3.4434224175407935E-5 7.747700439466786E-5 0.7928996629750309 2.5825668131555955E-5 4.3042780219259926E-5 3.4434224175407935E-5 0.025954796472213732 
1.3355276195728034E-4 2.5848921669151034E-5 0.17926657992917394 6.031415056135241E-5 6.462230417287759E-5 4.3081536115251724E-5 2.5848921669151034E-5 4.3081536115251724E-5 3.0157075280676206E-5 0.7947466374861062 2.5848921669151034E-5 9.047122584202863E-5 3.446522889220138E-5 0.025409490000775466 
2.597807450511768E-5 3.4637432673490244E-5 2.597807450511768E-5 2.16483954209314E-5 2.16483954209314E-5 2.16483954209314E-5 0.8145988119360593 0.18509378084896347 2.16483954209314E-5 2.16483954209314E-5 3.0307753589303962E-5 3.4637432673490244E-5 2.16483954209314E-5 2.597807450511768E-5 
0.5196117473557071 7.001851114388367E-5 0.22850541111806433 0.006673639343401412 0.0011115438644091532 1.9255090564568008E-4 3.938541251843456E-5 8.314698198336185E-5 8.752313892985458E-4 0.01905378734502934 5.163865196861421E-4 1.0940392366231823E-4 8.752313892985458E-5 0.22307022419052036 
4.5184057257237356E-5 3.162884008006615E-5 5.422086870868483E-5 3.6147245805789885E-5 2.7110434354342413E-5 1.5362579467460702E-4 0.05983724702575943 0.9395437313898164 4.5184057257237356E-5 4.066565153151362E-5 4.5184057257237356E-5 4.066565153151362E-5 4.970246298296109E-5 4.970246298296109E-5 
3.653902367728734E-5 2.283688979830459E-5 8.221280327389653E-5 3.653902367728734E-5 4.567377959660918E-5 3.653902367728734E-5 2.831774334989769E-4 0.9992646521484946 2.7404267757965506E-5 2.7404267757965506E-5 4.567377959660918E-5 3.1971645717626425E-5 3.653902367728734E-5 2.283688979830459E-5 
5.847518981232249E-4 7.889509736583193E-5 0.9900313724034231 9.560229445506692E-4 9.745864968720414E-5 7.425420928548887E-5 1.020995377675472E-4 5.10497688837736E-5 1.7171285897269302E-4 0.007462548033191631 6.961332120514581E-5 6.033154504445971E-5 2.7845328482058328E-5 2.3204440401715273E-4 
3.729012650675417E-5 3.4959493600082036E-4 1.1187037952026252E-4 5.127392394678699E-5 4.28836454827673E-4 0.994178078999133 7.970764540818705E-4 6.852060745616079E-4 7.924151882685262E-5 0.0021022308818182665 9.322531626688544E-4 4.6612658133442716E-5 1.444992402136724E-4 5.593518976013126E-5 
0.9995081114759935 2.342326304792868E-5 3.747722087668589E-5 1.686474939450865E-4 3.747722087668589E-5 2.342326304792868E-5 2.8107915657514418E-5 2.342326304792868E-5 2.342326304792868E-5 2.8107915657514418E-5 2.342326304792868E-5 2.342326304792868E-5 2.342326304792868E-5 2.8107915657514418E-5 
7.610531072371393E-5 2.853949152139273E-5 0.9992769995481248 4.756581920232121E-5 6.183556496301758E-5 4.756581920232121E-5 3.3296073441624846E-5 2.853949152139273E-5 1.1891454800580303E-4 1.2842771184626728E-4 4.756581920232121E-5 4.280923728208909E-5 2.853949152139273E-5 3.3296073441624846E-5 
0.9696042940956185 2.4005454039157696E-5 0.01060080850369204 1.5363490585060927E-4 1.3923163342711463E-4 8.64196345409677E-5 2.4005454039157696E-5 5.281199888614693E-5 3.840872646265232E-5 8.353898005626878E-4 4.801090807831539E-5 3.840872646265232E-5 3.840872646265232E-5 0.018316161431877323 
1.0099747025384031E-4 4.761309311966757E-4 0.9885776670546252 1.6351971374431288E-4 5.7712840145051604E-5 5.2903436799630636E-5 6.107942248684628E-4 5.7712840145051604E-5 7.695045352673547E-5 0.0010580687359926127 0.008469359291286322 1.298538903263661E-4 3.3665823417946766E-5 1.3466329367178706E-4 
7.74477106940767E-5 3.3883373428658554E-5 0.4435866034822427 6.292626493893733E-5 3.872385534703835E-5 5.324530110217773E-5 2.9042891510278765E-5 4.8404819183797936E-5 8.71286745308363E-5 0.5556340789288982 3.3883373428658554E-5 5.808578302055753E-5 2.9042891510278765E-5 2.275026501638503E-4 
1.2181395598130887E-4 2.3875535372336538E-4 0.0011060707203102845 7.796093182803767E-5 4.7751070744673075E-4 8.770604830654239E-5 2.4362791196261774E-5 3.8980465914018835E-5 0.9288557771486764 0.06835711953847129 1.1694139774205651E-4 1.607944218953277E-4 2.1926512076635596E-4 1.1694139774205651E-4 
2.449659497329871E-5 2.449659497329871E-5 2.449659497329871E-5 2.449659497329871E-5 2.9395913967958454E-5 2.449659497329871E-5 0.44392729410611925 0.5556856596933026 3.429523296261819E-5 2.9395913967958454E-5 4.409387095193768E-5 5.3892508941257165E-5 3.429523296261819E-5 3.9194551957277936E-5 
2.513095197031591E-4 0.003858340273089678 0.021262756421943755 0.007465371026476197 0.02528863637483554 0.002478601733542922 5.026190394063182E-4 0.006011717922310865 6.898692697733779E-5 0.8957706086125251 0.014403484825339884 5.4204014053622555E-5 4.87836126482603E-4 0.02209552718331305 
1.1298738649903447E-4 2.927400468384075E-4 0.0014688360244874482 1.232589670898558E-4 3.9545585274662067E-4 5.1357902954106576E-5 4.108632236328526E-5 8.730843502198118E-5 0.9261370639714039 0.07077119027075886 9.244422531739184E-5 2.413821438843009E-4 1.0785159620362382E-4 7.703685443115987E-5 
3.312097955297028E-4 9.832790804788052E-5 0.9905294699090725 1.0350306110303213E-4 4.140122444121285E-5 4.140122444121285E-5 4.657637749636445E-5 2.5875765275758032E-5 0.005320057340695851 0.0031361427514218733 9.31527549927289E-5 6.727698971697088E-5 7.762729582727409E-5 8.79776019375773E-5 
6.746517758910593E-5 3.113777427189504E-5 7.16168808253586E-4 0.9987648682872148 4.670666140784257E-5 3.113777427189504E-5 2.5948145226579206E-5 3.6327403317210886E-5 6.227554854379009E-5 7.784443567973762E-5 2.5948145226579206E-5 4.1517032362526723E-5 2.5948145226579206E-5 4.670666140784257E-5 
0.15660136286201023 2.661839863713799E-5 0.6996752555366269 0.05673977853492334 2.8215502555366267E-4 1.2244463373083475E-4 2.661839863713799E-5 3.194207836456559E-5 0.06912265758091993 1.6503407155025554E-4 2.661839863713799E-5 2.715076660988075E-4 0.007708688245315161 0.009199318568994889 
0.002299010728716734 3.7512995573466524E-5 0.0014790838254681085 1.875649778673326E-4 0.9877814814417852 1.7684697913205647E-4 4.28719949411046E-5 3.7512995573466524E-5 9.646198861748534E-5 0.007106033161488087 1.714879797644184E-4 8.57439898822092E-5 9.646198861748534E-5 4.019249525728556E-4 
9.658206792938777E-5 0.1054032301336052 0.010092826098621022 6.438804528625852E-5 1.395074314535601E-4 3.219402264312926E-5 0.0015828727799538553 3.7559693083650805E-5 5.3656704405215434E-5 0.40653002092611473 0.4757364382679616 5.9022374845736975E-5 7.511938616730161E-5 9.658206792938777E-5 
0.0010321137905454076 2.2039929902271726E-4 4.945545246363411E-4 3.2253555954543986E-4 2.257748916818079E-4 0.7765473643469193 2.1502370636362658E-4 0.19902594261017278 8.97723974068141E-4 1.6126777977271993E-4 7.794609355681464E-4 2.687796329545332E-4 0.001521292722522658 0.01828776622622644 
0.15708479144478013 2.716977851196557E-5 0.7004097202599604 0.05482317908144413 4.618862347034147E-4 1.3584889255982785E-4 3.8037689916751795E-5 4.890560132153803E-5 0.07056534875127699 1.0867911404786228E-4 2.716977851196557E-5 4.4558436759623536E-4 0.0069445953876584 0.008879083617710348 
2.71990425937007E-5 4.3518468149921124E-5 2.71990425937007E-5 2.71990425937007E-5 2.71990425937007E-5 2.71990425937007E-5 5.9837893706141545E-5 3.263885111244084E-5 2.71990425937007E-5 2.71990425937007E-5 0.9995648153185008 4.3518468149921124E-5 3.807865963118098E-5 2.71990425937007E-5 
6.61908281575783E-4 6.61908281575783E-5 5.846856487252749E-4 1.3789755866162146E-4 0.9975785188699019 6.067492581111344E-5 7.170673050404316E-5 3.861131642525401E-5 1.9305658212627003E-4 2.371838008979889E-4 2.0960428916566462E-4 3.861131642525401E-5 7.170673050404316E-5 4.9643121118183725E-5 
0.15909670127538866 2.770175185878755E-5 0.698499673119328 0.05466109676775959 2.770175185878755E-4 1.717508615244828E-4 2.770175185878755E-5 3.878245260230257E-5 0.07145943909492836 6.0943854089332606E-5 3.878245260230257E-5 3.0471927044666306E-4 0.006376943277892894 0.008958746551131894 
4.663712981778207E-4 1.776652564486936E-4 5.607559656661892E-4 2.609458454090187E-4 0.9973738854281178 1.2214486380847684E-4 6.107243190423842E-5 5.552039264021675E-5 2.3318564908891034E-4 3.164662380492355E-4 1.2769690307249854E-4 5.552039264021675E-5 6.66244711682601E-5 1.2214486380847684E-4 
5.888103808381104E-4 7.221259387637204E-5 4.221659334310981E-4 1.1665111318490868E-4 0.9974947784739813 4.999333422210372E-5 3.888370439496956E-5 4.443851930853664E-5 1.2776074301204283E-4 6.221392703195129E-4 1.4442518775274407E-4 9.443185353064036E-5 7.776740878993912E-5 1.0554148335777453E-4 
0.0010388773458072688 7.7776913589849E-5 3.499961111543205E-4 1.1110987655692715E-4 0.9972944745058389 7.222141976200265E-5 5.5554938278463575E-5 4.444395062277086E-5 2.611082099087788E-4 3.3332962967078144E-4 9.999888890123443E-5 6.111043210630992E-5 1.166653703847735E-4 8.333240741769536E-5 
5.32690366715263E-4 7.85017382527756E-5 2.691488168666592E-4 2.186834137041606E-4 0.9975440170460917 5.0465403162498597E-5 7.28944712347202E-5 1.0093080632499719E-4 3.308287540652686E-4 4.6540316249859816E-4 1.233598743972188E-4 6.72872042166648E-5 6.72872042166648E-5 7.85017382527756E-5 
8.470202836115599E-4 1.0096930533117933E-4 5.160653383593609E-4 2.3559504577275176E-4 0.9971055465805062 6.731287022078621E-5 3.365643511039311E-5 7.853168192425059E-5 2.860796984383414E-4 3.64611380362592E-4 1.9632920481062646E-4 3.365643511039311E-5 6.731287022078621E-5 6.731287022078621E-5 
0.15838233973783444 2.8057101813611062E-5 0.6982795385167894 0.05305597952953851 2.0762255342072185E-4 3.310738014006105E-4 2.8057101813611062E-5 3.366852217633327E-5 0.07308313880409409 1.0100556652899982E-4 3.9279942539055486E-5 3.086281199497217E-4 0.006862767103609266 0.00925884359849165 
0.014896559672679076 0.05201982366161471 0.18978850919149426 0.013588428513801648 0.04700628133463954 0.12927447703567108 0.00813692156975739 0.03998732207687432 0.05988013599953899 0.13485852590330202 0.05250388981732265 0.008557598109836915 0.17541059182850227 0.07409093528496513 
0.040157207259276385 2.8898393249335338E-5 2.3696682464454977E-4 1.0981389434747428E-4 0.9526413131429893 3.467807189920241E-5 4.045775054906947E-5 4.045775054906947E-5 5.2017107848803605E-5 9.825453704774014E-5 2.8898393249335338E-5 4.045775054906947E-5 4.045775054906947E-5 0.006450121373251647 
4.636041747555937E-5 7.533567839778398E-5 4.636041747555937E-5 0.9992350531116533 5.795052184444921E-5 4.636041747555937E-5 2.8975260922224605E-5 3.4770313106669526E-5 2.8975260922224605E-5 4.636041747555937E-5 1.7385156553334762E-4 4.0565365291114443E-5 6.954062621333905E-5 6.954062621333905E-5 
6.218688612244424E-4 6.97423021933954E-5 4.5332496425707014E-4 2.6153363322523277E-4 0.9974892771210377 5.230672664504655E-5 4.0683009612813986E-5 2.905929258058142E-5 3.428996524508607E-4 3.428996524508607E-4 4.0683009612813986E-5 5.811858516116284E-5 8.717787774174426E-5 1.1042531180620939E-4 
3.496605378944608E-5 8.74151344736152E-5 4.662140505259477E-5 3.496605378944608E-5 2.9138378157871734E-5 0.9920627057897957 1.5151956642093302E-4 0.0012238118826306127 3.496605378944608E-5 3.496605378944608E-5 1.1655351263148694E-4 5.244908068416912E-5 3.496605378944608E-5 0.006054954981205746 
2.932602919699467E-5 0.019243740359067903 2.932602919699467E-5 2.932602919699467E-5 2.932602919699467E-5 5.865205839398934E-5 6.15846613136888E-4 0.955747021941735 4.105644087579253E-5 4.105644087579253E-5 0.024000422294820436 6.451726423338827E-5 3.51912350363936E-5 3.51912350363936E-5 
1.1782101809141733E-4 0.007251883663526737 5.8910509045708665E-5 0.020512639249715758 4.712840723656693E-5 0.547478924765389 0.0021855798855957916 0.042527496480097085 9.425681447313386E-5 1.1782101809141733E-4 0.008989743680375141 0.0027157744670071693 0.07698425322093208 0.2909177668204231 
2.9963624160269433E-5 2.9963624160269433E-5 4.194907382437721E-5 3.595634899232332E-5 4.194907382437721E-5 0.9994666474899472 2.9963624160269433E-5 4.194907382437721E-5 3.595634899232332E-5 2.9963624160269433E-5 4.194907382437721E-5 3.595634899232332E-5 2.9963624160269433E-5 1.0786904697696996E-4 
2.5759759575577293E-4 3.0666380447115824E-4 0.0011959888374375172 4.293293262596216E-5 9.506577938605906E-4 7.973258916250115E-5 4.293293262596216E-5 7.973258916250115E-5 0.9074917967432304 0.08887117053574167 1.1653224569904015E-4 1.594651783250023E-4 2.821307001134656E-4 1.226655217884633E-4 
3.094825451844516E-5 0.034247338450111416 3.094825451844516E-5 3.094825451844516E-5 5.570685813320129E-5 3.094825451844516E-5 0.018079970289675663 3.713790542213419E-5 3.713790542213419E-5 3.094825451844516E-5 0.018952711067095816 0.9283733597425106 3.094825451844516E-5 3.094825451844516E-5 
0.0012416644606638178 0.05609550101476131 0.0032459756205170873 0.0015694134553568052 0.7397483896179203 6.933151810813196E-5 1.1345157508603411E-4 1.0714870980347665E-4 0.006838608831574834 0.0016828650304428394 0.18773714530625624 1.1345157508603411E-4 3.592633211057747E-4 0.0010777899633173241 
3.8991837282588546E-4 0.011160614409081901 0.002831702281342086 5.75289402529995E-4 4.921920443867735E-4 0.8967547285592836 5.369367756946619E-4 0.04147197381794008 0.004806862563361735 2.4289996995710897E-4 0.018185537224420397 2.237236565394425E-4 0.009460314619382139 0.01286730630325422 
2.606457498452416E-4 1.4335516241488288E-4 0.9913009480989151 1.1729058743035872E-4 1.7593588114553807E-4 7.819372495357248E-5 3.909686247678624E-5 5.212914996904832E-5 0.0036751050728179063 0.003798911803994396 5.212914996904832E-5 1.2380673117648976E-4 7.819372495357248E-5 1.0425829993809663E-4 
0.8208718056027831 5.231356752373728E-5 0.07447490256598048 7.847035128560592E-5 3.9235175642802963E-4 6.53919594046716E-5 4.577437158327012E-5 5.885276346420444E-5 4.577437158327012E-5 0.002334492950746776 9.808793910700741E-5 8.500954722607309E-5 4.577437158327012E-5 0.10135099788130052 
0.012965458637332289 3.3193698508275186E-5 0.25192689419840536 0.02176842748172687 5.3109917613240305E-5 6.505964907621937E-4 3.3193698508275186E-5 2.987432865744767E-4 7.966487641986046E-5 0.689214039606721 4.647117791158527E-5 3.983243820993023E-5 0.009181377007388917 0.013708997483917653 
4.0411387929118424E-5 1.818512456810329E-4 3.367615660759869E-5 3.367615660759869E-5 4.0411387929118424E-5 4.0411387929118424E-5 3.8390818532662506E-4 4.7146619250638166E-5 3.367615660759869E-5 4.0411387929118424E-5 7.408754453671712E-5 0.998976244839129 4.0411387929118424E-5 3.367615660759869E-5 
3.41684092555387E-5 1.8450940997990898E-4 3.41684092555387E-5 3.41684092555387E-5 3.41684092555387E-5 3.41684092555387E-5 1.6400836442658574E-4 3.41684092555387E-5 4.1002091106646436E-5 4.1002091106646436E-5 0.9992482949963781 4.783577295775418E-5 3.41684092555387E-5 3.41684092555387E-5 
9.618093006959377E-5 4.809046503479689E-5 1.3740132867084824E-4 6.183059790188171E-5 1.2366119580376343E-4 0.012462300510445936 6.183059790188171E-5 0.9852224871014502 1.9923192657272996E-4 1.0305099650313619E-4 4.1220398601254476E-5 4.1220398601254476E-5 2.0610199300627238E-4 0.0011953915594363797 
0.020971703150026694 0.07071720946787685 0.2390888058373376 0.013454351308061933 0.03265349706353444 0.07985762591208401 0.007531589250756363 0.018864566648869905 0.06480868481936287 0.08160882719345079 0.07390638903719524 0.008314646734294358 0.2414450969923474 0.046777006584801564 
1.7852042273636104E-4 1.4281633818908883E-4 8.568980291345329E-5 9.283061982290774E-5 8.568980291345329E-5 0.9051913738931734 0.0013496143958868895 0.0842473578977435 1.6423878891745215E-4 6.426735218508997E-5 1.9280205655526994E-4 1.6423878891745215E-4 1.7137960582690659E-4 0.007869180234218795 
5.087246273592104E-5 6.540745208904134E-5 5.81399574124812E-5 5.087246273592104E-5 7.994244144216165E-5 5.81399574124812E-5 3.633747338280075E-5 4.3604968059360895E-5 6.540745208904134E-5 5.087246273592104E-5 3.633747338280075E-5 5.087246273592104E-5 0.9993095880057268 4.3604968059360895E-5 
0.003422986446430262 4.3697699316131E-5 0.13937381196879983 0.002199450865578594 5.098064920215284E-5 7.282949886021834E-5 4.3697699316131E-5 5.098064920215284E-5 5.389382915656157E-4 0.8364686432592657 4.3697699316131E-5 6.55465489741965E-5 9.467834851828384E-5 0.017530060375654556 
9.511893525327246E-5 4.3901047039971905E-5 7.31684117332865E-5 0.9994000190237871 5.121788821330055E-5 3.658420586664325E-5 3.658420586664325E-5 3.658420586664325E-5 3.658420586664325E-5 3.658420586664325E-5 4.3901047039971905E-5 3.658420586664325E-5 3.658420586664325E-5 3.658420586664325E-5 
0.053131214588570785 0.001590934674121046 0.6047052643428014 0.07040636373869648 0.0025514990056658285 0.002724100408990282 2.701587182469701E-4 2.926719447675509E-4 0.18265731117031256 0.014025740122321865 0.005290608232336498 5.703350718547146E-4 0.002919215038835316 0.058864582942478705 
3.766308114134201E-5 2.0338063816324685E-4 3.766308114134201E-5 3.766308114134201E-5 3.766308114134201E-5 4.519569736961041E-5 2.1091325439151525E-4 4.519569736961041E-5 4.519569736961041E-5 3.766308114134201E-5 0.9991186839012925 5.272831359787881E-5 5.272831359787881E-5 3.766308114134201E-5 
5.310473011417517E-5 4.551834009786443E-5 7.586390016310739E-5 5.310473011417517E-5 8.345029017941813E-5 5.310473011417517E-5 6.069112013048591E-5 0.9992641201684178 4.551834009786443E-5 4.551834009786443E-5 5.310473011417517E-5 3.793195008155369E-5 3.793195008155369E-5 9.103668019572886E-5 
6.115179404075768E-5 4.5863845530568254E-5 6.879576829585237E-5 0.9993655501368272 5.350781978566296E-5 6.879576829585237E-5 3.821987127547354E-5 3.821987127547354E-5 4.5863845530568254E-5 4.5863845530568254E-5 3.821987127547354E-5 3.821987127547354E-5 4.5863845530568254E-5 4.5863845530568254E-5 
3.884822774385033E-5 0.0034031047503612884 0.07118549251783134 6.992680993893059E-5 0.0020978042981679174 9.323574658524078E-5 0.007925038459745466 5.361055428651345E-4 2.253197209143319E-4 0.12439979488135751 0.789520302083819 2.020107842680217E-4 1.553929109754013E-4 1.4762326542663124E-4 
2.5109855618330194E-4 5.49278091650973E-5 0.9942718141870684 3.37413684871312E-4 2.11864406779661E-4 7.846829880728186E-5 6.277463904582549E-5 5.49278091650973E-5 2.746390458254865E-4 0.003986189579409919 1.0200878844946642E-4 5.49278091650973E-5 9.416195856873823E-5 1.647834274952919E-4 
4.0439005847480246E-5 0.04780699271289115 4.0439005847480246E-5 4.0439005847480246E-5 4.852680701697629E-5 4.0439005847480246E-5 9.705361403395258E-5 4.0439005847480246E-5 4.852680701697629E-5 4.0439005847480246E-5 0.9516349490064137 4.0439005847480246E-5 4.0439005847480246E-5 4.0439005847480246E-5 
4.7339596307511487E-4 7.345799427027645E-5 4.652339637117508E-4 1.5507798790391695E-4 0.9974861041960839 8.16199936336405E-5 1.8772598535737314E-4 6.529599490691239E-5 1.5507798790391695E-4 3.3464197389792606E-4 2.693459789910136E-4 1.3059198981382479E-4 7.345799427027645E-5 4.89719961801843E-5 
3.956641800272019E-4 9.891604500680048E-5 0.0011457775213287722 9.067304125623377E-5 1.0715904875736718E-4 1.0715904875736718E-4 9.891604500680048E-5 7.418703375510036E-5 5.7701026253966945E-5 4.3687919878003544E-4 4.945802250340024E-5 9.067304125623377E-5 4.945802250340024E-5 0.9971973787248073 
3.807789412689872E-4 6.622242456851952E-5 0.0013327262944414552 9.933363685277927E-5 1.0761143992384422E-4 5.7944621497454574E-5 1.490004552791689E-4 9.933363685277927E-5 1.0761143992384422E-4 5.711684119034808E-4 1.490004552791689E-4 4.9666818426389636E-5 5.7944621497454574E-5 0.9967716568022846 
0.0034160207154243878 5.904233335301411E-5 0.0195514469588981 0.007287510859572028 0.0013242351909176023 0.2320785431725976 5.904233335301411E-5 3.373847620172235E-4 0.013849644480807024 0.0017206622862878398 0.6472895351681441 1.0965004765559763E-4 0.06499717440261811 0.007920107288354322 
2.2193768672641912E-4 0.010567648314127187 0.8472215108834827 1.1096884336320956E-4 9.389671361502347E-5 2.390098164746052E-4 0.010823730260349978 0.0018523260776781903 1.1096884336320956E-4 0.0014767392232180965 0.12644472897994025 4.353393085787452E-4 2.134016218523261E-4 1.8779342723004695E-4 
6.0617081893677636E-5 0.009092562284051645 0.8530815126559808 1.0391499753201881E-4 4.329791563834117E-4 2.2514916131937407E-4 0.009127200616562319 0.0014634695485759317 1.2123416378735527E-4 0.001887789121831675 0.12390997497380477 2.0782999506403763E-4 1.1257458065968704E-4 1.731916625533647E-4 
2.792223657114935E-4 1.1343408607029423E-4 4.275592474957244E-4 1.7451397856968343E-4 0.9973735646225262 1.0470838714181005E-4 6.980559142787338E-5 7.853129035635754E-5 4.275592474957244E-4 3.4902795713936686E-4 2.704966667830093E-4 1.3088548392726257E-4 6.980559142787338E-5 1.3088548392726257E-4 
0.9495648451990298 1.1592238550435155E-4 6.241974604080468E-5 4.3693822228563277E-4 2.942645170495078E-4 0.0021044371522328433 4.458553288628906E-5 1.8725923812241404E-4 0.041384291625053506 1.7834213154515623E-4 1.6942502496789842E-4 1.8725923812241404E-4 0.004841988871450991 4.2802111570837496E-4 
5.366582292067297E-5 5.366582292067297E-5 4.472151910056081E-5 4.472151910056081E-5 4.472151910056081E-5 5.366582292067297E-5 1.3416455730168243E-4 0.99920395696001 4.472151910056081E-5 4.472151910056081E-5 1.162759496614581E-4 6.261012674078513E-5 5.366582292067297E-5 4.472151910056081E-5 
7.245851749873198E-5 4.528657343670749E-5 5.4343888124048985E-5 1.0868777624809797E-4 5.4343888124048985E-5 0.9991938989928266 4.528657343670749E-5 9.057314687341498E-5 4.528657343670749E-5 5.4343888124048985E-5 7.245851749873198E-5 6.340120281139048E-5 4.528657343670749E-5 5.4343888124048985E-5 
7.337754103706925E-4 1.7212015798818712E-4 5.707142080660941E-4 2.355328477733087E-4 0.9970286625357829 9.058955683588796E-5 1.1776642388665434E-4 7.247164546871037E-5 2.7176867050766385E-4 2.6270971482407506E-4 8.153060115229916E-5 1.4494329093742075E-4 9.058955683588796E-5 1.2682537957024314E-4 
0.02615758215172489 4.5475629610091955E-5 0.20297592520168442 0.7647909485306824 1.1823663698623908E-4 9.095125922018391E-5 5.457075553211034E-5 1.2733176290825746E-4 6.912295700733977E-4 0.0019463569473119355 1.1823663698623908E-4 1.0914151106422068E-4 1.2733176290825746E-4 0.0026466816433073515 
4.554397726444655E-5 6.376156817022517E-5 5.465277271733586E-5 5.465277271733586E-5 4.554397726444655E-5 4.554397726444655E-5 0.5265157035633607 0.47284668075493697 4.554397726444655E-5 8.197915907600379E-5 4.554397726444655E-5 4.554397726444655E-5 6.376156817022517E-5 4.554397726444655E-5 
0.03229571274869158 9.11793132374127E-5 0.008379378886518227 0.0010303262395827634 6.564910553093714E-4 0.75584915294418 2.1883035176979048E-4 6.291372613381476E-4 7.203165745755603E-4 0.001322100041942484 0.0028812662983022414 1.2765103853237778E-4 5.014862228057698E-4 0.19529697102321425 
